399.19301,2.61460
401.12148,0.23397
403.04995,-0.22511
404.97842,-0.13763
406.90689,0.02129
408.83536,0.17236
410.76382,0.21250
412.69229,0.20102
414.62076,0.25850
416.54923,0.24411
418.47770,0.11544
420.40617,0.12910
422.33464,0.23326
424.26311,0.24177
426.19157,0.14818
428.12004,0.04972
430.04851,0.01208
431.97698,0.00246
433.90545,-0.02629
435.83392,0.00999
437.76239,0.12101
439.69085,0.21183
441.61932,0.20290
443.54779,0.12661
445.47626,0.11333
447.40473,0.14056
449.33320,0.07700
451.26167,-0.11471
453.19013,-0.30450
455.11860,-0.36590
457.04707,-0.29208
458.97554,-0.10646
460.90401,0.07914
462.83248,0.15162
464.76095,0.13060
466.68942,0.11124
468.61788,0.08384
470.54635,0.04980
472.47482,0.11603
474.40329,0.20017
476.33176,0.14481
478.26023,0.14899
480.18870,0.19292
482.11716,0.14727
484.04563,0.08459
485.97410,0.13068
487.90257,0.18364
489.83104,0.15918
491.75951,0.11530
493.68798,0.10219
495.61645,0.09024
497.54491,0.06859
499.47338,0.05620
501.40185,0.03772
503.33032,0.02153
505.25879,0.04606
507.18726,0.10388
509.11573,0.15195
511.04419,0.15426
512.97266,0.11239
514.90113,0.07687
516.82960,0.06635
518.75807,0.06581
520.68654,0.08667
522.61501,0.11642
524.54348,0.13187
526.47194,0.14054
528.40041,0.13687
530.32888,0.11107
532.25735,0.09233
534.18582,0.09557
536.11429,0.09725
538.04276,0.09212
539.97122,0.10912
541.89969,0.15439
543.82816,0.19717
545.75663,0.20567
547.68510,0.19016
549.61357,0.14648
551.54204,-0.03368
553.47051,-0.25158
555.39897,-0.21940
557.32744,-0.03468
559.25591,0.04162
561.18438,0.06058
563.11285,0.08104
565.04132,0.08263
566.96979,0.08016
568.89825,0.07806
570.82672,0.09147
572.75519,0.11370
574.68366,0.12421
576.61213,0.12408
578.54060,0.12587
580.46907,0.13406
582.39754,0.13048
584.32600,0.11557
586.25447,0.11702
588.18294,0.14180
590.11141,0.16668
592.03988,0.17032
593.96835,0.16066
595.89682,0.14780
597.82528,0.11852
599.75375,0.08569
601.68222,0.07265
603.61069,0.07128
605.53916,0.08653
607.46763,0.13092
609.39610,0.16392
611.32456,0.15362
613.25303,0.13754
615.18150,0.12815
617.10997,0.10537
619.03844,0.08940
620.96691,0.08858
622.89538,0.09127
624.82385,0.10067
626.75231,0.11949
628.68078,0.14084
630.60925,0.15177
632.53772,0.14010
634.46619,0.11554
636.39466,0.10511
638.32313,0.11053
640.25159,0.12026
642.18006,0.13287
644.10853,0.14000
646.03700,0.14233
647.96547,0.16199
649.89394,0.17763
651.82241,0.15393
653.75088,0.12365
655.67934,0.11819
657.60781,0.12452
659.53628,0.12382
661.46475,0.11378
663.39322,0.11001
665.32169,0.12490
667.25016,0.14836
669.17862,0.14046
671.10709,0.12824
673.03556,0.14471
674.96403,0.15680
676.89250,0.13966
678.82097,0.11715
680.74944,0.11276
682.67791,0.11436
684.60637,0.11446
686.53484,0.12233
688.46331,0.13374
690.39178,0.13467
692.32025,0.13012
694.24872,0.13026
696.17719,0.12593
698.10565,0.11778
700.03412,0.11953
701.96259,0.12624
703.89106,0.12796
705.81953,0.13094
707.74800,0.14267
709.67647,0.15949
711.60494,0.17535
713.53340,0.17520
715.46187,0.15829
717.39034,0.14783
719.31881,0.14804
721.24728,0.14875
723.17575,0.14788
725.10422,0.14704
727.03268,0.14037
728.96115,0.12993
730.88962,0.12810
732.81809,0.12773
734.74656,0.12222
736.67503,0.12391
738.60350,0.13630
740.53197,0.14759
742.46043,0.14705
744.38890,0.13692
746.31737,0.12916
748.24584,0.12773
750.17431,0.12897
752.10278,0.13056
754.03125,0.12884
755.95971,0.13299
757.88818,0.14682
759.81665,0.14605
761.74512,0.12427
763.67359,0.10886
765.60206,0.11781
767.53053,0.13362
769.45900,0.13662
771.38746,0.13667
773.31593,0.14363
775.24440,0.15435
777.17287,0.16155
779.10134,0.15580
781.02981,0.14301
782.95828,0.13363
784.88674,0.13011
786.81521,0.12971
788.74368,0.12893
790.67215,0.13397
792.60062,0.13958
794.52909,0.13222
796.45756,0.12474
798.38602,0.13184
800.31449,0.14170
802.24296,0.14065
804.17143,0.12826
806.09990,0.11940
808.02837,0.13043
809.95684,0.14482
811.88531,0.14209
813.81377,0.13247
815.74224,0.12955
817.67071,0.13135
819.59918,0.13202
821.52765,0.13585
823.45612,0.14656
825.38459,0.15608
827.31305,0.15694
829.24152,0.15079
831.16999,0.14311
833.09846,0.14172
835.02693,0.14963
836.95540,0.15710
838.88387,0.15713
840.81234,0.15055
842.74080,0.13812
844.66927,0.12283
846.59774,0.11466
848.52621,0.11968
850.45468,0.12878
852.38315,0.13505
854.31162,0.13800
856.24008,0.14044
858.16855,0.15069
860.09702,0.16158
862.02549,0.16020
863.95396,0.15155
865.88243,0.14129
867.81090,0.13208
869.73937,0.13315
871.66783,0.14079
873.59630,0.13744
875.52477,0.12273
877.45324,0.11819
879.38171,0.13304
881.31018,0.15049
883.23865,0.15953
885.16711,0.15901
887.09558,0.14558
889.02405,0.13270
890.95252,0.13599
892.88099,0.14797
894.80946,0.15344
896.73793,0.14673
898.66640,0.13618
900.59486,0.13381
902.52333,0.14107
904.45180,0.14912
906.38027,0.15426
908.30874,0.16026
910.23721,0.16069
912.16568,0.14980
914.09414,0.13620
916.02261,0.12665
917.95108,0.12343
919.87955,0.12793
921.80802,0.13764
923.73649,0.14690
925.66496,0.15215
927.59343,0.15557
929.52189,0.15586
931.45036,0.14827
933.37883,0.13904
935.30730,0.13862
937.23577,0.14485
939.16424,0.14922
941.09271,0.14929
943.02117,0.14813
944.94964,0.14683
946.87811,0.14284
948.80658,0.13811
950.73505,0.13624
952.66352,0.13500
954.59199,0.13426
956.52045,0.13826
958.44892,0.14365
960.37739,0.14054
962.30586,0.13159
964.23433,0.13098
966.16280,0.14182
968.09127,0.15182
970.01974,0.14931
971.94820,0.14198
973.87667,0.14367
975.80514,0.14725
977.73361,0.14403
979.66208,0.13942
981.59055,0.14074
983.51902,0.14880
985.44748,0.15495
987.37595,0.15344
989.30442,0.15477
991.23289,0.16393
993.16136,0.16601
995.08983,0.16031
997.01830,0.15754
998.94677,0.15255
1000.87523,0.14422
1002.80370,0.14387
1004.73217,0.15515
1006.66064,0.16631
1008.58911,0.16598
1010.51758,0.15799
1012.44605,0.15377
1014.37451,0.15712
1016.30298,0.16156
1018.23145,0.16458
1020.15992,0.16691
1022.08839,0.16395
1024.01686,0.15995
1025.94533,0.15676
1027.87380,0.14772
1029.80226,0.14132
1031.73073,0.14238
1033.65920,0.14829
1035.58767,0.15937
1037.51614,0.16221
1039.44461,0.15208
1041.37308,0.14309
1043.30154,0.14581
1045.23001,0.15580
1047.15848,0.15759
1049.08695,0.14932
1051.01542,0.14185
1052.94389,0.14293
1054.87236,0.15252
1056.80083,0.15963
1058.72929,0.16006
1060.65776,0.16293
1062.58623,0.16908
1064.51470,0.16809
1066.44317,0.15886
1068.37164,0.15311
1070.30011,0.15446
1072.22857,0.15970
1074.15704,0.16766
1076.08551,0.17054
1078.01398,0.16595
1079.94245,0.16174
1081.87092,0.16063
1083.79939,0.16299
1085.72786,0.16740
1087.65632,0.17193
1089.58479,0.17428
1091.51326,0.16834
1093.44173,0.16322
1095.37020,0.17349
1097.29867,0.18591
1099.22714,0.18087
1101.15560,0.16642
1103.08407,0.15921
1105.01254,0.15750
1106.94101,0.15395
1108.86948,0.15487
1110.79795,0.16350
1112.72642,0.16795
1114.65489,0.16284
1116.58335,0.15553
1118.51182,0.15289
1120.44029,0.15324
1122.36876,0.15263
1124.29723,0.15525
1126.22570,0.16200
1128.15417,0.16495
1130.08263,0.16058
1132.01110,0.15358
1133.93957,0.15006
1135.86804,0.15579
1137.79651,0.16836
1139.72498,0.17028
1141.65345,0.15936
1143.58191,0.15345
1145.51038,0.15433
1147.43885,0.15267
1149.36732,0.15087
1151.29579,0.15577
1153.22426,0.16485
1155.15273,0.16949
1157.08120,0.16896
1159.00966,0.16981
1160.93813,0.17227
1162.86660,0.17153
1164.79507,0.16685
1166.72354,0.16185
1168.65201,0.15940
1170.58048,0.15891
1172.50894,0.15962
1174.43741,0.16033
1176.36588,0.15995
1178.29435,0.15933
1180.22282,0.15860
1182.15129,0.15947
1184.07976,0.16462
1186.00823,0.16946
1187.93669,0.16828
1189.86516,0.16259
1191.79363,0.15680
1193.72210,0.15558
1195.65057,0.16016
1197.57904,0.16708
1199.50751,0.17209
1201.43597,0.17221
1203.36444,0.16885
1205.29291,0.16573
1207.22138,0.16521
1209.14985,0.16771
1211.07832,0.16987
1213.00679,0.16829
1214.93526,0.16578
1216.86372,0.16571
1218.79219,0.16698
1220.72066,0.16754
1222.64913,0.16740
1224.57760,0.16594
1226.50607,0.16098
1228.43454,0.15885
1230.36300,0.16463
1232.29147,0.16959
1234.21994,0.16658
1236.14841,0.16104
1238.07688,0.16050
1240.00535,0.16168
1241.93382,0.15949
1243.86229,0.15480
1245.79075,0.15003
1247.71922,0.15023
1249.64769,0.15444
1251.57616,0.15455
1253.50463,0.15224
1255.43310,0.15485
1257.36157,0.15711
1259.29003,0.15313
1261.21850,0.15067
1263.14697,0.15516
1265.07544,0.16151
1267.00391,0.16325
1268.93238,0.16097
1270.86085,0.16094
1272.78932,0.16237
1274.71778,0.16148
1276.64625,0.16418
1278.57472,0.16992
1280.50319,0.16684
1282.43166,0.16056
1284.36013,0.16163
1286.28860,0.16108
1288.21706,0.15803
1290.14553,0.15976
1292.07400,0.15884
1294.00247,0.15335
1295.93094,0.14970
1297.85941,0.14726
1299.78788,0.14047
1301.71634,0.11944
1303.64481,0.09285
1305.57328,0.09511
1307.50175,0.13030
1309.43022,0.15970
1311.35869,0.16713
1313.28716,0.16793
1315.21563,0.16767
1317.14409,0.16642
1319.07256,0.16539
1321.00103,0.16200
1322.92950,0.16014
1324.85797,0.15952
1326.78644,0.15805
1328.71491,0.15900
1330.64337,0.15505
1332.57184,0.14953
1334.50031,0.14902
1336.42878,0.14539
1338.35725,0.14625
1340.28572,0.15235
1342.21419,0.15291
1344.14266,0.15084
1346.07112,0.14849
1347.99959,0.15164
1349.92806,0.15490
1351.85653,0.15137
1353.78500,0.14970
1355.71347,0.15313
1357.64194,0.15786
1359.57040,0.16350
1361.49887,0.17185
1363.42734,0.17595
1365.35581,0.17099
1367.28428,0.16509
1369.21275,0.16479
1371.14122,0.17033
1373.06969,0.17580
1374.99815,0.17660
1376.92662,0.17564
1378.85509,0.17741
1380.78356,0.18007
1382.71203,0.17977
1384.64050,0.17846
1386.56897,0.18114
1388.49743,0.18357
1390.42590,0.17998
1392.35437,0.17879
1394.28284,0.18568
1396.21131,0.19279
1398.13978,0.19124
1400.06825,0.18527
1401.99672,0.18487
1403.92518,0.19007
1405.85365,0.19254
1407.78212,0.19043
1409.71059,0.18664
1411.63906,0.18200
1413.56753,0.18092
1415.49600,0.18543
1417.42446,0.19215
1419.35293,0.19247
1421.28140,0.18982
1423.20987,0.19270
1425.13834,0.19515
1427.06681,0.19627
1428.99528,0.19555
1430.92375,0.18872
1432.85221,0.18357
1434.78068,0.18455
1436.70915,0.18480
1438.63762,0.18130
1440.56609,0.18013
1442.49456,0.18151
1444.42303,0.18362
1446.35149,0.18730
1448.27996,0.19209
1450.20843,0.19441
1452.13690,0.19459
1454.06537,0.19663
1455.99384,0.20274
1457.92231,0.20394
1459.85077,0.19569
1461.77924,0.19150
1463.70771,0.19267
1465.63618,0.19292
1467.56465,0.19052
1469.49312,0.19302
1471.42159,0.20324
1473.35006,0.21104
1475.27852,0.20621
1477.20699,0.19653
1479.13546,0.19036
1481.06393,0.19076
1482.99240,0.19375
1484.92087,0.19807
1486.84934,0.20685
1488.77780,0.21644
1490.70627,0.21396
1492.63474,0.20483
1494.56321,0.20179
1496.49168,0.20428
1498.42015,0.20322
1500.34862,0.19750
1502.27709,0.19410
1504.20555,0.19968
1506.13402,0.22299
1508.06249,0.23422
1509.99096,0.21706
1511.91943,0.20560
1513.84790,0.20388
1515.77637,0.20830
1517.70483,0.21326
1519.63330,0.21762
1521.56177,0.21877
1523.49024,0.21311
1525.41871,0.20932
1527.34718,0.20617
1529.27565,0.20472
1531.20412,0.20965
1533.13258,0.21349
1535.06105,0.20964
1536.98952,0.21218
1538.91799,0.22795
1540.84646,0.23997
1542.77493,0.22953
1544.70340,0.21210
1546.63186,0.19804
1548.56033,0.19458
1550.48880,0.19769
1552.41727,0.20125
1554.34574,0.20397
1556.27421,0.20735
1558.20268,0.21476
1560.13115,0.20374
1562.05961,0.18862
1563.98808,0.18664
1565.91655,0.19513
1567.84502,0.20826
1569.77349,0.20965
1571.70196,0.19688
1573.63043,0.19170
1575.55889,0.19726
1577.48736,0.19906
1579.41583,0.18954
1581.34430,0.17788
1583.27277,0.17170
1585.20124,0.17361
1587.12971,0.18004
1589.05818,0.18607
1590.98664,0.18685
1592.91511,0.18415
1594.84358,0.18329
1596.77205,0.18267
1598.70052,0.18199
1600.62899,0.18602
1602.55746,0.19376
1604.48592,0.19588
1606.41439,0.18914
1608.34286,0.18210
1610.27133,0.18166
1612.19980,0.18598
1614.12827,0.19391
1616.05674,0.20303
1617.98521,0.20247
1619.91367,0.19876
1621.84214,0.19952
1623.77061,0.19853
1625.69908,0.19644
1627.62755,0.19715
1629.55602,0.19566
1631.48449,0.19400
1633.41295,0.20044
1635.34142,0.21438
1637.26989,0.21288
1639.19836,0.20240
1641.12683,0.20041
1643.05530,0.20563
1644.98377,0.21432
1646.91223,0.21976
1648.84070,0.21632
1650.76917,0.21566
1652.69764,0.22188
1654.62611,0.22005
1656.55458,0.20910
1658.48305,0.19998
1660.41152,0.19272
1662.33998,0.18868
1664.26845,0.19269
1666.19692,0.19915
1668.12539,0.20416
1670.05386,0.20852
1671.98233,0.21195
1673.91080,0.21572
1675.83926,0.21480
1677.76773,0.21099
1679.69620,0.21166
1681.62467,0.21489
1683.55314,0.21663
1685.48161,0.21337
1687.41008,0.20777
1689.33855,0.20155
1691.26701,0.19745
1693.19548,0.19957
1695.12395,0.20940
1697.05242,0.22366
1698.98089,0.22996
1700.90936,0.21980
1702.83783,0.20809
1704.76629,0.20539
1706.69476,0.20380
1708.62323,0.19859
1710.55170,0.19371
1712.48017,0.19238
1714.40864,0.19998
1716.33711,0.21727
1718.26558,0.21832
1720.19404,0.20316
1722.12251,0.19556
1724.05098,0.19409
1725.97945,0.19328
1727.90792,0.19502
1729.83639,0.19995
1731.76486,0.20389
1733.69332,0.20283
1735.62179,0.19864
1737.55026,0.19890
1739.47873,0.20067
1741.40720,0.20010
1743.33567,0.19988
1745.26414,0.20199
1747.19261,0.20657
1749.12107,0.21208
1751.04954,0.21158
1752.97801,0.20518
1754.90648,0.20127
1756.83495,0.19912
1758.76342,0.19497
1760.69189,0.19298
1762.62035,0.19393
1764.54882,0.19322
1766.47729,0.19252
1768.40576,0.19584
1770.33423,0.20545
1772.26270,0.21362
1774.19117,0.20688
1776.11964,0.19733
1778.04810,0.19632
1779.97657,0.19790
1781.90504,0.19376
1783.83351,0.18905
1785.76198,0.18923
1787.69045,0.19265
1789.61892,0.19757
1791.54738,0.20009
1793.47585,0.19605
1795.40432,0.19112
1797.33279,0.18996
1799.26126,0.19201
1801.18973,0.19361
1803.11820,0.19259
1805.04666,0.19213
1806.97513,0.19373
1808.90360,0.19449
1810.83207,0.19301
1812.76054,0.19175
1814.68901,0.19210
1816.61748,0.19055
1818.54595,0.18014
1820.47441,0.16857
1822.40288,0.17396
1824.33135,0.19141
1826.25982,0.20089
1828.18829,0.20246
1830.11676,0.20143
1832.04523,0.19659
1833.97369,0.19233
1835.90216,0.19099
1837.83063,0.19016
1839.75910,0.18942
1841.68757,0.19295
1843.61604,0.20024
1845.54451,0.20239
1847.47298,0.19789
1849.40144,0.19298
1851.32991,0.19020
1853.25838,0.18937
1855.18685,0.18916
1857.11532,0.18802
1859.04379,0.18741
1860.97226,0.18774
1862.90072,0.18777
1864.82919,0.19128
1866.75766,0.19884
1868.68613,0.20181
1870.61460,0.19662
1872.54307,0.19126
1874.47154,0.18872
1876.40001,0.18800
1878.32847,0.18992
1880.25694,0.19313
1882.18541,0.19364
1884.11388,0.19361
1886.04235,0.19761
1887.97082,0.20308
1889.89929,0.20338
1891.82775,0.19921
1893.75622,0.19592
1895.68469,0.19354
1897.61316,0.19169
1899.54163,0.18966
1901.47010,0.18642
1903.39857,0.18550
1905.32704,0.18968
1907.25550,0.19566
1909.18397,0.19791
1911.11244,0.19480
1913.04091,0.19072
1914.96938,0.18970
1916.89785,0.19128
1918.82632,0.19228
1920.75478,0.19163
1922.68325,0.19114
1924.61172,0.19145
1926.54019,0.19109
1928.46866,0.18895
1930.39713,0.18807
1932.32560,0.18991
1934.25407,0.19037
1936.18253,0.19004
1938.11100,0.19112
1940.03947,0.19208
1941.96794,0.19375
1943.89641,0.19569
1945.82488,0.19509
1947.75335,0.19221
1949.68181,0.18988
1951.61028,0.19054
1953.53875,0.19260
1955.46722,0.19246
1957.39569,0.19033
1959.32416,0.18949
1961.25263,0.18971
1963.18110,0.18974
1965.10956,0.19141
1967.03803,0.19383
1968.96650,0.19371
1970.89497,0.19209
1972.82344,0.19129
1974.75191,0.19152
1976.68038,0.19282
1978.60884,0.19456
1980.53731,0.19510
1982.46578,0.19449
1984.39425,0.19391
1986.32272,0.19332
1988.25119,0.19210
1990.17966,0.19026
1992.10812,0.18867
1994.03659,0.18902
1995.96506,0.19092
1997.89353,0.19156
1999.82200,0.19021
2001.75047,0.18824
2003.67894,0.18669
2005.60741,0.18721
2007.53587,0.18999
2009.46434,0.19222
2011.39281,0.19239
2013.32128,0.19119
2015.24975,0.19080
2017.17822,0.19273
2019.10669,0.19393
2021.03515,0.19250
2022.96362,0.19032
2024.89209,0.18795
2026.82056,0.18568
2028.74903,0.18536
2030.67750,0.18738
2032.60597,0.18916
2034.53444,0.18970
2036.46290,0.18999
2038.39137,0.18962
2040.31984,0.18979
2042.24831,0.19239
2044.17678,0.19485
2046.10525,0.19475
2048.03372,0.19441
2049.96218,0.19524
2051.89065,0.19534
2053.81912,0.19533
2055.74759,0.19607
2057.67606,0.19511
2059.60453,0.19240
2061.53300,0.19055
2063.46147,0.19097
2065.38993,0.19313
2067.31840,0.19379
2069.24687,0.19273
2071.17534,0.19325
2073.10381,0.19419
2075.03228,0.19245
2076.96075,0.19013
2078.88921,0.19200
2080.81768,0.19681
2082.74615,0.19779
2084.67462,0.19403
2086.60309,0.19056
2088.53156,0.18909
2090.46003,0.18868
2092.38850,0.18921
2094.31696,0.19000
2096.24543,0.19112
2098.17390,0.19262
2100.10237,0.19193
2102.03084,0.19038
2103.95931,0.19176
2105.88778,0.19322
2107.81624,0.19155
2109.74471,0.19001
2111.67318,0.19066
2113.60165,0.19102
2115.53012,0.19101
2117.45859,0.19108
2119.38706,0.19016
2121.31553,0.19029
2123.24399,0.19202
2125.17246,0.19200
2127.10093,0.18910
2129.02940,0.18587
2130.95787,0.18528
2132.88634,0.18827
2134.81481,0.19175
2136.74327,0.19315
2138.67174,0.19475
2140.60021,0.19715
2142.52868,0.19781
2144.45715,0.19544
2146.38562,0.19240
2148.31409,0.19266
2150.24255,0.19515
2152.17102,0.19539
2154.09949,0.19270
2156.02796,0.19124
2157.95643,0.19249
2159.88490,0.19387
2161.81337,0.19411
2163.74184,0.19391
2165.67030,0.19469
2167.59877,0.19580
2169.52724,0.19492
2171.45571,0.19183
2173.38418,0.19011
2175.31265,0.19223
2177.24112,0.19542
2179.16958,0.19704
2181.09805,0.19720
2183.02652,0.19623
2184.95499,0.19472
2186.88346,0.19398
2188.81193,0.19315
2190.74040,0.18991
2192.66887,0.18667
2194.59733,0.18779
2196.52580,0.19126
2198.45427,0.19203
2200.38274,0.19096
2202.31121,0.19238
2204.23968,0.19568
2206.16815,0.19527
2208.09661,0.19034
2210.02508,0.18791
2211.95355,0.19020
2213.88202,0.19195
2215.81049,0.19173
2217.73896,0.19170
2219.66743,0.19199
2221.59590,0.19261
2223.52436,0.19320
2225.45283,0.19189
2227.38130,0.19025
2229.30977,0.19152
2231.23824,0.19240
2233.16671,0.19112
2235.09518,0.19209
2237.02364,0.19329
2238.95211,0.19089
2240.88058,0.18776
2242.80905,0.18746
2244.73752,0.18978
2246.66599,0.19111
2248.59446,0.18974
2250.52293,0.18852
2252.45139,0.18914
2254.37986,0.18991
2256.30833,0.19027
2258.23680,0.19082
2260.16527,0.19044
2262.09374,0.18903
2264.02221,0.18814
2265.95067,0.18867
2267.87914,0.19086
2269.80761,0.19319
2271.73608,0.19292
2273.66455,0.19062
2275.59302,0.18891
2277.52149,0.18871
2279.44996,0.18885
2281.37842,0.18835
2283.30689,0.18937
2285.23536,0.19140
2287.16383,0.19012
2289.09230,0.18705
2291.02077,0.18551
2292.94924,0.18336
2294.87770,0.17997
2296.80617,0.17868
2298.73464,0.18085
2300.66311,0.18302
2302.59158,0.18146
2304.52005,0.17869
2306.44852,0.17860
2308.37699,0.17943
2310.30545,0.17788
2312.23392,0.17514
2314.16239,0.17433
2316.09086,0.17429
2318.01933,0.17239
2319.94780,0.16966
2321.87627,0.16688
2323.80473,0.16059
2325.73320,0.15106
2327.66167,0.14795
2329.59014,0.16002
2331.51861,0.17654
2333.44708,0.17682
2335.37555,0.16400
2337.30401,0.15269
2339.23248,0.14529
2341.16095,0.13925
2343.08942,0.14103
2345.01789,0.15689
2346.94636,0.17509
2348.87483,0.18369
2350.80330,0.18104
2352.73176,0.16917
2354.66023,0.16136
2356.58870,0.16890
2358.51717,0.17136
2360.44564,0.15410
2362.37411,0.13839
2364.30258,0.14125
2366.23104,0.15455
2368.15951,0.15844
2370.08798,0.15671
2372.01645,0.16151
2373.94492,0.16964
2375.87339,0.17786
2377.80186,0.18345
2379.73033,0.18519
2381.65879,0.18755
2383.58726,0.19094
2385.51573,0.19123
2387.44420,0.19075
2389.37267,0.19435
2391.30114,0.19799
2393.22961,0.19674
2395.15807,0.19275
2397.08654,0.18765
2399.01501,0.18374
2400.94348,0.18534
2402.87195,0.18928
2404.80042,0.19088
2406.72889,0.19219
2408.65736,0.19334
2410.58582,0.19326
2412.51429,0.19492
2414.44276,0.19776
2416.37123,0.19729
2418.29970,0.19414
2420.22817,0.19293
2422.15664,0.19312
2424.08510,0.19195
2426.01357,0.19042
2427.94204,0.18916
2429.87051,0.18809
2431.79898,0.18908
2433.72745,0.19197
2435.65592,0.19394
2437.58439,0.19448
2439.51285,0.19528
2441.44132,0.19635
2443.36979,0.19573
2445.29826,0.19347
2447.22673,0.19288
2449.15520,0.19527
2451.08367,0.19526
2453.01213,0.18977
2454.94060,0.18807
2456.86907,0.19314
2458.79754,0.19545
2460.72601,0.19405
2462.65448,0.19231
2464.58295,0.19106
2466.51142,0.19338
2468.43988,0.19742
2470.36835,0.19763
2472.29682,0.19384
2474.22529,0.19104
2476.15376,0.19236
2478.08223,0.19535
2480.01070,0.19633
2481.93916,0.19371
2483.86763,0.19020
2485.79610,0.19027
2487.72457,0.19286
2489.65304,0.19370
2491.58151,0.19276
2493.50998,0.19399
2495.43844,0.19675
2497.36691,0.19738
2499.29538,0.19710
2501.22385,0.19584
2503.15232,0.19176
2505.08079,0.18884
2507.00926,0.19002
2508.93773,0.19270
2510.86619,0.19461
2512.79466,0.19498
2514.72313,0.19513
2516.65160,0.19631
2518.58007,0.19651
2520.50854,0.19574
2522.43701,0.19546
2524.36547,0.19516
2526.29394,0.19629
2528.22241,0.19917
2530.15088,0.19889
2532.07935,0.19586
2534.00782,0.19611
2535.93629,0.19785
2537.86476,0.19766
2539.79322,0.19718
2541.72169,0.19714
2543.65016,0.19802
2545.57863,0.19917
2547.50710,0.19858
2549.43557,0.19741
2551.36404,0.19716
2553.29250,0.19690
2555.22097,0.19749
2557.14944,0.19912
2559.07791,0.19919
2561.00638,0.19765
2562.93485,0.19626
2564.86332,0.19583
2566.79179,0.19668
2568.72025,0.19870
2570.64872,0.20130
2572.57719,0.20166
2574.50566,0.19835
2576.43413,0.19573
2578.36260,0.19598
2580.29107,0.19616
2582.21953,0.19481
2584.14800,0.19225
2586.07647,0.19098
2588.00494,0.19239
2589.93341,0.19307
2591.86188,0.19312
2593.79035,0.19479
2595.71882,0.19591
2597.64728,0.19578
2599.57575,0.19573
2601.50422,0.19577
2603.43269,0.19504
2605.36116,0.19283
2607.28963,0.19133
2609.21810,0.19274
2611.14656,0.19567
2613.07503,0.19718
2615.00350,0.19659
2616.93197,0.19611
2618.86044,0.19637
2620.78891,0.19651
2622.71738,0.19669
2624.64585,0.19710
2626.57431,0.19707
2628.50278,0.19624
2630.43125,0.19626
2632.35972,0.19803
2634.28819,0.20004
2636.21666,0.20105
2638.14513,0.20077
2640.07359,0.19942
2642.00206,0.19850
2643.93053,0.19882
2645.85900,0.19930
2647.78747,0.20006
2649.71594,0.20110
2651.64441,0.20078
2653.57288,0.19936
2655.50134,0.19793
2657.42981,0.19674
2659.35828,0.19656
2661.28675,0.19763
2663.21522,0.19942
2665.14369,0.20032
2667.07216,0.19943
2669.00062,0.19859
2670.92909,0.19793
2672.85756,0.19639
2674.78603,0.19591
2676.71450,0.19670
2678.64297,0.19600
2680.57144,0.19597
2682.49990,0.19916
2684.42837,0.20180
2686.35684,0.20276
2688.28531,0.20395
2690.21378,0.20315
2692.14225,0.19995
2694.07072,0.19797
2695.99919,0.19815
2697.92765,0.20072
2699.85612,0.20555
2701.78459,0.20967
2703.71306,0.21043
2705.64153,0.20766
2707.57000,0.20390
2709.49847,0.20061
2711.42693,0.19843
2713.35540,0.19856
2715.28387,0.20030
2717.21234,0.20371
2719.14081,0.20745
2721.06928,0.20738
2722.99775,0.20387
2724.92622,0.20059
2726.85468,0.19638
2728.78315,0.19276
2730.71162,0.19520
2732.64009,0.19908
2734.56856,0.19823
2736.49703,0.19674
2738.42550,0.19975
2740.35396,0.20468
2742.28243,0.20665
2744.21090,0.20551
2746.13937,0.20267
2748.06784,0.20043
2749.99631,0.20121
2751.92478,0.20460
2753.85325,0.20788
2755.78171,0.20757
2757.71018,0.20528
2759.63865,0.20640
2761.56712,0.21061
2763.49559,0.21348
2765.42406,0.21220
2767.35253,0.20793
2769.28099,0.20493
2771.20946,0.20386
2773.13793,0.20473
2775.06640,0.20826
2776.99487,0.21057
2778.92334,0.20877
2780.85181,0.20515
2782.78028,0.20348
2784.70874,0.20473
2786.63721,0.20570
2788.56568,0.20264
2790.49415,0.19825
2792.42262,0.19828
2794.35109,0.20264
2796.27956,0.20737
2798.20802,0.20890
2800.13649,0.20707
2802.06496,0.20394
2803.99343,0.20210
2805.92190,0.20437
2807.85037,0.20857
2809.77884,0.21110
2811.70731,0.21101
2813.63577,0.20755
2815.56424,0.20493
2817.49271,0.20674
2819.42118,0.20793
2821.34965,0.20674
2823.27812,0.20770
2825.20659,0.21117
2827.13505,0.21228
2829.06352,0.21052
2830.99199,0.21182
2832.92046,0.21528
2834.84893,0.21487
2836.77740,0.21109
2838.70587,0.20884
2840.63433,0.20877
2842.56280,0.20905
2844.49127,0.21029
2846.41974,0.21092
2848.34821,0.20949
2850.27668,0.20787
2852.20515,0.20770
2854.13362,0.20803
2856.06208,0.20843
2857.99055,0.21031
2859.91902,0.21097
2861.84749,0.20932
2863.77596,0.20754
2865.70443,0.20553
2867.63290,0.20388
2869.56136,0.20550
2871.48983,0.20949
2873.41830,0.20922
2875.34677,0.20601
2877.27524,0.20649
2879.20371,0.20973
2881.13218,0.21096
2883.06065,0.20753
2884.98911,0.20431
2886.91758,0.20578
2888.84605,0.20713
2890.77452,0.20515
2892.70299,0.20088
2894.63146,0.19656
2896.55993,0.19864
2898.48839,0.20576
2900.41686,0.20783
2902.34533,0.20364
2904.27380,0.19864
2906.20227,0.19838
2908.13074,0.20393
2910.05921,0.20862
2911.98768,0.20813
2913.91614,0.19929
2915.84461,0.18652
2917.77308,0.18592
2919.70155,0.19591
2921.63002,0.20449
2923.55849,0.20520
2925.48696,0.19146
2927.41542,0.18184
2929.34389,0.19441
2931.27236,0.20961
2933.20083,0.21099
2935.12930,0.19959
2937.05777,0.18606
2938.98624,0.18966
2940.91471,0.20372
2942.84317,0.20663
2944.77164,0.19623
2946.70011,0.18119
2948.62858,0.17858
2950.55705,0.19115
2952.48552,0.19838
2954.41399,0.19294
2956.34245,0.17875
2958.27092,0.17130
2960.19939,0.18575
2962.12786,0.20436
2964.05633,0.20921
2965.98480,0.20198
2967.91327,0.19166
2969.84174,0.19395
2971.77020,0.20616
2973.69867,0.21213
2975.62714,0.20488
2977.55561,0.18940
2979.48408,0.18675
2981.41255,0.20032
2983.34102,0.20877
2985.26948,0.20549
2987.19795,0.19648
2989.12642,0.19402
2991.05489,0.20468
2992.98336,0.21432
2994.91183,0.21556
2996.84030,0.21295
2998.76877,0.20985
3000.69723,0.21063
3002.62570,0.21178
3004.55417,0.20654
3006.48264,0.19573
3008.41111,0.18354
3010.33958,0.16766
3012.26805,0.13817
3014.19651,0.09780
3016.12498,0.07384
3018.05345,0.09710
3019.98192,0.15435
3021.91039,0.19601
3023.83886,0.20603
3025.76733,0.20317
3027.69579,0.20243
3029.62426,0.20743
3031.55273,0.21360
3033.48120,0.21650
3035.40967,0.21311
3037.33814,0.20338
3039.26661,0.19716
3041.19508,0.19964
3043.12354,0.20132
3045.05201,0.19535
3046.98048,0.18926
3048.90895,0.19559
3050.83742,0.20937
3052.76589,0.21360
3054.69436,0.20359
3056.62282,0.18914
3058.55129,0.18828
3060.47976,0.20197
3062.40823,0.21132
3064.33670,0.20535
3066.26517,0.19066
3068.19364,0.18680
3070.12211,0.19606
3072.05057,0.20053
3073.97904,0.19328
3075.90751,0.18605
3077.83598,0.19221
3079.76445,0.20333
3081.69292,0.20341
3083.62139,0.19005
3085.54985,0.17834
3087.47832,0.18746
3089.40679,0.20660
3091.33526,0.20915
3093.26373,0.19248
3095.19220,0.18365
3097.12067,0.19821
3099.04914,0.21611
3100.97760,0.21770
3102.90607,0.20346
3104.83454,0.19607
3106.76301,0.20795
3108.69148,0.21778
3110.61995,0.20823
3112.54842,0.19048
3114.47688,0.18887
3116.40535,0.20140
3118.33382,0.20486
3120.26229,0.19505
3122.19076,0.18918
3124.11923,0.19928
3126.04770,0.21256
3127.97617,0.21420
3129.90463,0.20596
3131.83310,0.20005
3133.76157,0.20588
3135.69004,0.21388
3137.61851,0.20930
3139.54698,0.20011
3141.47545,0.20252
3143.40391,0.21289
3145.33238,0.21985
3147.26085,0.21682
3149.18932,0.21072
3151.11779,0.21256
3153.04626,0.21466
3154.97473,0.21168
3156.90320,0.21053
3158.83166,0.21329
3160.76013,0.21569
3162.68860,0.21529
3164.61707,0.21335
3166.54554,0.21251
3168.47401,0.21382
3170.40248,0.21404
3172.33094,0.21225
3174.25941,0.21263
3176.18788,0.21819
3178.11635,0.22403
3180.04482,0.22330
3181.97329,0.21949
3183.90176,0.21944
3185.83022,0.22041
3187.75869,0.21676
3189.68716,0.21310
3191.61563,0.21530
3193.54410,0.22126
3195.47257,0.22484
3197.40104,0.22264
3199.32951,0.21918
3201.25797,0.21787
3203.18644,0.21621
3205.11491,0.21525
3207.04338,0.21777
3208.97185,0.21981
3210.90032,0.21753
3212.82879,0.21456
3214.75725,0.21321
3216.68572,0.21107
3218.61419,0.20778
3220.54266,0.20377
3222.47113,0.20225
3224.39960,0.20934
3226.32807,0.22028
3228.25654,0.22424
3230.18500,0.22122
3232.11347,0.21692
3234.04194,0.21241
3235.97041,0.20888
3237.89888,0.20931
3239.82735,0.21301
3241.75582,0.21864
3243.68428,0.22500
3245.61275,0.22753
3247.54122,0.22231
3249.46969,0.21319
3251.39816,0.20935
3253.32663,0.21133
3255.25510,0.21168
3257.18357,0.21086
3259.11203,0.21278
3261.04050,0.21429
3262.96897,0.21295
3264.89744,0.21136
3266.82591,0.21175
3268.75438,0.21222
3270.68285,0.20901
3272.61131,0.20448
3274.53978,0.20662
3276.46825,0.21274
3278.39672,0.21313
3280.32519,0.21067
3282.25366,0.20994
3284.18213,0.20888
3286.11060,0.20829
3288.03906,0.20806
3289.96753,0.20758
3291.89600,0.20866
3293.82447,0.20847
3295.75294,0.20553
3297.68141,0.20413
3299.60988,0.20447
3301.53834,0.20577
3303.46681,0.21160
3305.39528,0.21990
3307.32375,0.22038
3309.25222,0.21322
3311.18069,0.20892
3313.10916,0.20630
3315.03763,0.20339
3316.96609,0.20465
3318.89456,0.20685
3320.82303,0.20732
3322.75150,0.20987
3324.67997,0.21601
3326.60844,0.22187
3328.53691,0.22215
3330.46537,0.21873
3332.39384,0.21733
3334.32231,0.21593
3336.25078,0.21191
3338.17925,0.20831
3340.10772,0.20809
3342.03619,0.21209
3343.96466,0.21404
3345.89312,0.20861
3347.82159,0.20366
3349.75006,0.20702
3351.67853,0.21377
3353.60700,0.21609
3355.53547,0.21339
3357.46394,0.21039
3359.39240,0.21242
3361.32087,0.21751
3363.24934,0.21813
3365.17781,0.21400
3367.10628,0.21034
3369.03475,0.20713
3370.96322,0.20247
3372.89168,0.20079
3374.82015,0.20490
3376.74862,0.20948
3378.67709,0.21150
3380.60556,0.21184
3382.53403,0.20943
3384.46250,0.20569
3386.39097,0.20404
3388.31943,0.20398
3390.24790,0.20430
3392.17637,0.20554
3394.10484,0.20594
3396.03331,0.20430
3397.96178,0.20220
3399.89025,0.19937
3401.81871,0.19633
3403.74718,0.19566
3405.67565,0.20022
3407.60412,0.20923
3409.53259,0.21426
3411.46106,0.21157
3413.38953,0.21032
3415.31800,0.21543
3417.24646,0.21612
3419.17493,0.20923
3421.10340,0.20754
3423.03187,0.20930
3424.96034,0.20332
3426.88881,0.19570
3428.81728,0.19659
3430.74574,0.20126
3432.67421,0.20114
3434.60268,0.19769
3436.53115,0.19645
3438.45962,0.19808
3440.38809,0.19885
3442.31656,0.19821
3444.24503,0.19957
3446.17349,0.20378
3448.10196,0.20681
3450.03043,0.20494
3451.95890,0.19973
3453.88737,0.19557
3455.81584,0.19222
3457.74431,0.18630
3459.67277,0.18229
3461.60124,0.18265
3463.52971,0.18325
3465.45818,0.18383
3467.38665,0.18498
3469.31512,0.18730
3471.24359,0.18832
3473.17206,0.18499
3475.10052,0.18311
3477.02899,0.18611
3478.95746,0.19263
3480.88593,0.20226
3482.81440,0.20683
3484.74287,0.20110
3486.67134,0.19195
3488.59980,0.18440
3490.52827,0.17978
3492.45674,0.17952
3494.38521,0.18212
3496.31368,0.18258
3498.24215,0.17948
3500.17062,0.17660
3502.09909,0.17569
3504.02755,0.17525
3505.95602,0.17524
3507.88449,0.17734
3509.81296,0.17966
3511.74143,0.17819
3513.66990,0.17472
3515.59837,0.17368
3517.52683,0.17439
3519.45530,0.17404
3521.38377,0.17313
3523.31224,0.17333
3525.24071,0.17312
3527.16918,0.17207
3529.09765,0.17351
3531.02611,0.17427
3532.95458,0.17202
3534.88305,0.17125
3536.81152,0.17228
3538.73999,0.17183
3540.66846,0.16791
3542.59693,0.16463
3544.52540,0.16836
3546.45386,0.17393
3548.38233,0.17489
3550.31080,0.17365
3552.23927,0.16917
3554.16774,0.16073
3556.09621,0.15489
3558.02468,0.15664
3559.95314,0.16364
3561.88161,0.16975
3563.81008,0.17256
3565.73855,0.17289
3567.66702,0.16831
3569.59549,0.16073
3571.52396,0.15758
3573.45243,0.15837
3575.38089,0.15796
3577.30936,0.15543
3579.23783,0.15509
3581.16630,0.15926
3583.09477,0.16506
3585.02324,0.16979
3586.95171,0.17352
3588.88017,0.17062
3590.80864,0.15923
3592.73711,0.15098
3594.66558,0.15520
3596.59405,0.16311
3598.52252,0.16202
3600.45099,0.15607
3602.37946,0.15208
3604.30792,0.14977
3606.23639,0.14964
3608.16486,0.15258
3610.09333,0.15431
3612.02180,0.15445
3613.95027,0.15435
3615.87874,0.15332
3617.80720,0.15328
3619.73567,0.15041
3621.66414,0.14367
3623.59261,0.14132
3625.52108,0.14113
3627.44955,0.13849
3629.37802,0.13939
3631.30649,0.14469
3633.23495,0.14537
3635.16342,0.14100
3637.09189,0.13748
3639.02036,0.13939
3640.94883,0.14311
3642.87730,0.14385
3644.80577,0.14511
3646.73423,0.15398
3648.66270,0.16854
3650.59117,0.17185
3652.51964,0.16757
3654.44811,0.16408
3656.37658,0.15834
3658.30505,0.14972
3660.23352,0.14066
3662.16198,0.13197
3664.09045,0.12633
3666.01892,0.12701
3667.94739,0.13664
3669.87586,0.15014
3671.80433,0.15523
3673.73280,0.15858
3675.66126,0.15753
3677.58973,0.14645
3679.51820,0.14136
3681.44667,0.14017
3683.37514,0.13683
3685.30361,0.13262
3687.23208,0.13051
3689.16055,0.13340
3691.08901,0.13647
3693.01748,0.13509
3694.94595,0.13336
3696.87442,0.13371
3698.80289,0.13696
3700.73136,0.14175
3702.65983,0.14252
3704.58829,0.13582
3706.51676,0.12826
3708.44523,0.12803
3710.37370,0.13662
3712.30217,0.14137
3714.23064,0.13653
3716.15911,0.13305
3718.08757,0.13253
3720.01604,0.13261
3721.94451,0.13570
3723.87298,0.14019
3725.80145,0.13951
3727.72992,0.13597
3729.65839,0.13636
3731.58686,0.14459
3733.51532,0.15760
3735.44379,0.15458
3737.37226,0.13641
3739.30073,0.13041
3741.22920,0.13606
3743.15767,0.14557
3745.08614,0.15233
3747.01460,0.15358
3748.94307,0.15714
3750.87154,0.16038
3752.80001,0.15587
3754.72848,0.15094
3756.65695,0.14586
3758.58542,0.13636
3760.51389,0.12692
3762.44235,0.12435
3764.37082,0.12691
3766.29929,0.13047
3768.22776,0.13265
3770.15623,0.13389
3772.08470,0.13401
3774.01317,0.13458
3775.94163,0.13395
3777.87010,0.12844
3779.79857,0.12289
3781.72704,0.12594
3783.65551,0.13224
3785.58398,0.13377
3787.51245,0.13351
3789.44092,0.13499
3791.36938,0.13362
3793.29785,0.12684
3795.22632,0.11898
3797.15479,0.11749
3799.08326,0.12290
3801.01173,0.13095
3802.94020,0.13570
3804.86866,0.13473
3806.79713,0.13059
3808.72560,0.12843
3810.65407,0.13358
3812.58254,0.14207
3814.51101,0.14867
3816.43948,0.14969
3818.36795,0.14966
3820.29641,0.15057
3822.22488,0.14141
3824.15335,0.12913
3826.08182,0.12178
3828.01029,0.11828
3829.93876,0.11952
3831.86723,0.12536
3833.79569,0.13010
3835.72416,0.13018
3837.65263,0.13046
3839.58110,0.13494
3841.50957,0.13852
3843.43804,0.13497
3845.36651,0.12899
3847.29498,0.12785
3849.22344,0.13019
3851.15191,0.13628
3853.08038,0.15003
3855.00885,0.15027
3856.93732,0.13449
3858.86579,0.12268
3860.79426,0.12036
3862.72272,0.12460
3864.65119,0.12876
3866.57966,0.13033
3868.50813,0.13034
3870.43660,0.13299
3872.36507,0.13934
3874.29354,0.13734
3876.22200,0.12411
3878.15047,0.11249
3880.07894,0.10921
3882.00741,0.11247
3883.93588,0.11891
3885.86435,0.12855
3887.79282,0.13405
3889.72129,0.13136
3891.64975,0.12321
3893.57822,0.11643
3895.50669,0.11488
3897.43516,0.11561
3899.36363,0.11672
3901.29210,0.12086
3903.22057,0.12737
3905.14903,0.12579
3907.07750,0.11885
3909.00597,0.11546
3910.93444,0.11374
3912.86291,0.11294
3914.79138,0.11354
3916.71985,0.11461
3918.64832,0.11774
3920.57678,0.12148
3922.50525,0.12420
3924.43372,0.12294
3926.36219,0.11770
3928.29066,0.11506
3930.21913,0.11381
3932.14760,0.11205
3934.07606,0.11468
3936.00453,0.12068
3937.93300,0.12171
3939.86147,0.11692
3941.78994,0.11507
3943.71841,0.11783
3945.64688,0.11925
3947.57535,0.11769
3949.50381,0.11543
3951.43228,0.11494
3953.36075,0.11420
3955.28922,0.11160
3957.21769,0.10976
3959.14616,0.10897
3961.07463,0.10876
3963.00309,0.11168
3964.93156,0.11517
3966.86003,0.11517
3968.78850,0.11578
3970.71697,0.11914
3972.64544,0.11844
3974.57391,0.11443
3976.50238,0.11295
3978.43084,0.10984
3980.35931,0.10440
3982.28778,0.10069
3984.21625,0.09940
3986.14472,0.10086
3988.07319,0.10320
3990.00166,0.10513
3991.93012,0.10824
3993.85859,0.11254
3995.78706,0.11383
3997.71553,0.10840
3999.64400,0.10143
4001.57247,0.10032
4003.50094,0.10096
4005.42941,0.09744
4007.35787,0.09290
4009.28634,0.08991
4011.21481,0.09186
4013.14328,0.10064
4015.07175,0.10668
4017.00022,0.10486
4018.92869,0.10301
4020.85715,0.10456
4022.78562,0.10657
4024.71409,0.10624
4026.64256,0.10146
4028.57103,0.09801
4030.49950,0.10042
4032.42797,0.10110
4034.35644,0.09679
4036.28490,0.09536
4038.21337,0.09904
4040.14184,0.09941
4042.07031,0.09434
4043.99878,0.09531
4045.92725,0.10467
4047.85572,0.10776
4049.78418,0.10247
4051.71265,0.10046
4053.64112,0.10189
4055.56959,0.09923
4057.49806,0.09319
4059.42653,0.09045
4061.35500,0.09386
4063.28346,0.09714
4065.21193,0.09456
4067.14040,0.09293
4069.06887,0.09777
4070.99734,0.10275
4072.92581,0.10238
4074.85428,0.09882
4076.78275,0.09548
4078.71121,0.09336
4080.63968,0.09518
4082.56815,0.09853
4084.49662,0.09817
4086.42509,0.09754
4088.35356,0.09888
4090.28203,0.09933
4092.21049,0.10049
4094.13896,0.10447
4096.06743,0.10713
4097.99590,0.10557
4099.92437,0.10247
4101.85284,0.09941
4103.78131,0.09408
4105.70978,0.08710
4107.63824,0.08610
4109.56671,0.09243
4111.49518,0.09376
4113.42365,0.08504
4115.35212,0.08246
4117.28059,0.09387
4119.20906,0.10415
4121.13752,0.10627
4123.06599,0.10355
4124.99446,0.09735
4126.92293,0.09364
4128.85140,0.09101
4130.77987,0.08577
4132.70834,0.08693
4134.63681,0.09262
4136.56527,0.09068
4138.49374,0.08333
4140.42221,0.07920
4142.35068,0.08181
4144.27915,0.08873
4146.20762,0.09321
4148.13609,0.09256
4150.06455,0.08964
4151.99302,0.08523
4153.92149,0.08173
4155.84996,0.08334
4157.77843,0.08610
4159.70690,0.08603
4161.63537,0.08618
4163.56384,0.08658
4165.49230,0.08546
4167.42077,0.08447
4169.34924,0.08599
4171.27771,0.08889
4173.20618,0.08969
4175.13465,0.08934
4177.06312,0.08857
4178.99158,0.08575
4180.92005,0.08377
4182.84852,0.08486
4184.77699,0.08517
4186.70546,0.08305
4188.63393,0.08218
4190.56240,0.07933
4192.49087,0.07188
4194.41933,0.06761
4196.34780,0.06756
4198.27627,0.06834
4200.20474,0.07122
4202.13321,0.07465
4204.06168,0.07544
4205.99015,0.07444
4207.91861,0.07403
4209.84708,0.07667
4211.77555,0.08338
4213.70402,0.08761
4215.63249,0.08294
4217.56096,0.07379
4219.48943,0.06703
4221.41789,0.06407
4223.34636,0.06571
4225.27483,0.07344
4227.20330,0.08135
4229.13177,0.08304
4231.06024,0.08256
4232.98871,0.08021
4234.91718,0.07319
4236.84564,0.06709
4238.77411,0.06312
4240.70258,0.05839
4242.63105,0.05608
4244.55952,0.06042
4246.48799,0.06616
4248.41646,0.06371
4250.34492,0.05774
4252.27339,0.05655
4254.20186,0.05760
4256.13033,0.06197
4258.05880,0.06967
4259.98727,0.06945
4261.91574,0.06266
4263.84421,0.06096
4265.77267,0.06236
4267.70114,0.06390
4269.62961,0.06884
4271.55808,0.07258
4273.48655,0.06570
4275.41502,0.05597
4277.34349,0.05735
4279.27195,0.06216
4281.20042,0.06338
4283.12889,0.06672
4285.05736,0.07058
4286.98583,0.06943
4288.91430,0.06441
4290.84277,0.06222
4292.77124,0.06381
4294.69970,0.06396
4296.62817,0.06499
4298.55664,0.06937
4300.48511,0.07059
4302.41358,0.06618
4304.34205,0.06252
4306.27052,0.06158
4308.19898,0.06123
4310.12745,0.06368
4312.05592,0.06801
4313.98439,0.06986
4315.91286,0.06581
4317.84133,0.06010
4319.76980,0.06139
4321.69827,0.06199
4323.62673,0.05559
4325.55520,0.04985
4327.48367,0.04741
4329.41214,0.04940
4331.34061,0.05471
4333.26908,0.05778
4335.19755,0.05559
4337.12601,0.04881
4339.05448,0.04473
4340.98295,0.04426
4342.91142,0.04064
4344.83989,0.04044
4346.76836,0.04992
4348.69683,0.05804
4350.62530,0.05401
4352.55376,0.04311
4354.48223,0.04044
4356.41070,0.04680
4358.33917,0.04865
4360.26764,0.04576
4362.19611,0.04720
4364.12458,0.05040
4366.05304,0.05032
4367.98151,0.05010
4369.90998,0.05074
4371.83845,0.04874
4373.76692,0.04397
4375.69539,0.04150
4377.62386,0.04428
4379.55232,0.04803
4381.48079,0.04683
4383.40926,0.04318
4385.33773,0.04105
4387.26620,0.03855
4389.19467,0.03730
4391.12314,0.03845
4393.05161,0.04275
4394.98007,0.04768
4396.90854,0.04617
4398.83701,0.04772
4400.76548,0.05867
4402.69395,0.06100
4404.62242,0.04807
4406.55089,0.03638
4408.47935,0.03576
4410.40782,0.04097
4412.33629,0.04500
4414.26476,0.04639
4416.19323,0.04351
4418.12170,0.03461
4420.05017,0.02796
4421.97864,0.03305
4423.90710,0.04085
4425.83557,0.03835
4427.76404,0.02893
4429.69251,0.02082
4431.62098,0.01881
4433.54945,0.02105
4435.47792,0.02269
4437.40638,0.02624
4439.33485,0.03238
4441.26332,0.03646
4443.19179,0.03547
4445.12026,0.03278
4447.04873,0.03336
4448.97720,0.03688
4450.90567,0.04022
4452.83413,0.04139
4454.76260,0.04315
4456.69107,0.04309
4458.61954,0.03469
4460.54801,0.02289
4462.47648,0.01689
4464.40495,0.01876
4466.33341,0.02551
4468.26188,0.02820
4470.19035,0.02595
4472.11882,0.02927
4474.04729,0.03260
4475.97576,0.02843
4477.90423,0.02370
4479.83270,0.01965
4481.76116,0.01450
4483.68963,0.00944
4485.61810,0.00833
4487.54657,0.01533
4489.47504,0.01977
4491.40351,0.01205
4493.33198,0.00486
4495.26044,0.00591
4497.18891,0.01030
4499.11738,0.01859
4501.04585,0.02650
4502.97432,0.02384
4504.90279,0.01537
4506.83126,0.01463
4508.75973,0.01947
4510.68819,0.02256
4512.61666,0.02345
4514.54513,0.02624
4516.47360,0.03044
4518.40207,0.02822
4520.33054,0.02664
4522.25901,0.03043
4524.18747,0.03109
4526.11594,0.03126
4528.04441,0.03128
4529.97288,0.02497
4531.90135,0.01887
4533.82982,0.02390
4535.75829,0.03583
4537.68676,0.03700
4539.61522,0.02505
4541.54369,0.01838
4543.47216,0.02136
4545.40063,0.02308
4547.32910,0.02077
4549.25757,0.02062
4551.18604,0.02537
4553.11450,0.02645
4555.04297,0.01857
4556.97144,0.01467
4558.89991,0.02263
4560.82838,0.02649
4562.75685,0.01933
4564.68532,0.00997
4566.61378,0.00347
4568.54225,0.00428
4570.47072,0.00948
4572.39919,0.01417
4574.32766,0.01651
4576.25613,0.01370
4578.18460,0.00855
4580.11307,0.00772
4582.04153,0.01395
4583.97000,0.01822
4585.89847,0.01572
4587.82694,0.01318
4589.75541,0.01259
4591.68388,0.01519
4593.61235,0.02215
4595.54081,0.02505
4597.46928,0.01568
4599.39775,0.00236
4601.32622,-0.00105
4603.25469,0.00078
4605.18316,0.00035
4607.11163,0.00342
4609.04010,0.00847
4610.96856,0.01057
4612.89703,0.01108
4614.82550,0.01424
4616.75397,0.02337
4618.68244,0.02537
4620.61091,0.01464
4622.53938,0.00730
4624.46784,0.00531
4626.39631,0.00080
4628.32478,-0.00342
4630.25325,0.00031
4632.18172,0.01375
4634.11019,0.02177
4636.03866,0.01240
4637.96713,0.00064
4639.89559,-0.00112
4641.82406,-0.00060
4643.75253,-0.00025
4645.68100,0.00476
4647.60947,0.01158
4649.53794,0.01217
4651.46641,0.00270
4653.39487,-0.00657
4655.32334,-0.00328
4657.25181,0.00716
4659.18028,0.00936
4661.10875,0.00115
4663.03722,0.00227
4664.96569,0.01912
4666.89416,0.02507
4668.82262,0.01114
4670.75109,0.00115
4672.67956,0.00230
4674.60803,0.00159
4676.53650,0.00022
4678.46497,0.00514
4680.39344,0.01227
4682.32190,0.01697
4684.25037,0.01471
4686.17884,0.00408
4688.10731,-0.00464
4690.03578,0.00003
4691.96425,0.01712
4693.89272,0.03130
4695.82119,0.02697
4697.74965,0.01052
4699.67812,0.00449
4701.60659,0.01155
4703.53506,0.01168
4705.46353,0.00195
4707.39200,-0.00001
4709.32047,0.00622
4711.24893,0.00757
4713.17740,0.00604
4715.10587,0.00812
4717.03434,0.01152
4718.96281,0.01392
4720.89128,0.01613
4722.81975,0.01415
4724.74821,0.00761
4726.67668,0.00597
4728.60515,0.01054
4730.53362,0.01348
4732.46209,0.00970
4734.39056,0.00584
4736.31903,0.01043
4738.24750,0.02050
4740.17596,0.02938
4742.10443,0.03081
4744.03290,0.02619
4745.96137,0.01879
4747.88984,0.01227
4749.81831,0.01226
4751.74678,0.01666
4753.67524,0.02333
4755.60371,0.02805
4757.53218,0.02851
4759.46065,0.02689
4761.38912,0.02262
4763.31759,0.02093
4765.24606,0.02435
4767.17453,0.02445
4769.10299,0.01463
4771.03146,0.00019
4772.95993,-0.00559
4774.88840,0.00176
4776.81687,0.01110
4778.74534,0.01129
4780.67381,0.00513
4782.60227,0.00125
4784.53074,-0.00047
4786.45921,-0.00480
4788.38768,-0.01213
4790.31615,-0.01482
4792.24462,-0.00662
4794.17309,0.00445
4796.10156,0.01234
4798.03002,0.01737
4799.95849,0.01582
4801.88696,0.00824
4803.81543,-0.00204
4805.74390,-0.00469
4807.67237,0.00550
4809.60084,0.00991
4811.52930,0.00192
4813.45777,-0.00132
4815.38624,0.00536
4817.31471,0.01000
4819.24318,0.01219
4821.17165,0.01672
4823.10012,0.01855
4825.02859,0.01764
4826.95705,0.02099
4828.88552,0.02348
4830.81399,0.01359
4832.74246,-0.00233
4834.67093,-0.00956
4836.59940,-0.00936
4838.52787,-0.00703
4840.45633,-0.00202
4842.38480,0.00334
4844.31327,0.00407
4846.24174,0.00095
4848.17021,-0.00297
4850.09868,-0.00419
4852.02715,-0.00258
4853.95562,-0.00484
4855.88408,-0.00270
4857.81255,0.00362
4859.74102,-0.00456
4861.66949,-0.01451
4863.59796,-0.00306
4865.52643,0.01248
4867.45490,0.01610
4869.38336,0.01861
4871.31183,0.01435
4873.24030,-0.00268
4875.16877,-0.01703
4877.09724,-0.01750
4879.02571,-0.01207
4880.95418,-0.00458
4882.88265,0.00313
4884.81111,0.00400
4886.73958,-0.00279
4888.66805,-0.00688
4890.59652,-0.00442
4892.52499,-0.00033
4894.45346,0.00512
4896.38193,0.00848
4898.31039,0.00247
4900.23886,-0.00822
4902.16733,-0.01428
4904.09580,-0.00874
4906.02427,0.00687
4907.95274,0.01261
4909.88121,0.00206
4911.80967,0.00057
4913.73814,0.01253
4915.66661,0.01545
4917.59508,0.00456
4919.52355,-0.00844
4921.45202,-0.01674
4923.38049,-0.01694
4925.30896,-0.01000
4927.23742,-0.00757
4929.16589,-0.01495
4931.09436,-0.02097
4933.02283,-0.01941
4934.95130,-0.01101
4936.87977,0.00196
4938.80824,0.00699
4940.73670,0.00499
4942.66517,0.01322
4944.59364,0.02615
4946.52211,0.02095
4948.45058,0.00490
4950.37905,-0.00392
4952.30752,-0.00328
4954.23599,0.00661
4956.16445,0.01283
4958.09292,0.00242
4960.02139,-0.01086
4961.94986,-0.01315
4963.87833,-0.00801
4965.80680,0.00270
4967.73527,0.01418
4969.66373,0.01986
4971.59220,0.02362
4973.52067,0.02493
4975.44914,0.02104
4977.37761,0.00962
4979.30608,-0.00270
4981.23455,-0.00484
4983.16302,-0.00936
4985.09148,-0.01825
4987.01995,-0.01136
4988.94842,0.00214
4990.87689,0.00001
4992.80536,-0.00837
4994.73383,-0.00709
4996.66230,-0.00054
4998.59076,0.00457
5000.51923,0.00643
5002.44770,0.00119
5004.37617,-0.00614
5006.30464,-0.00551
5008.23311,-0.00297
5010.16158,-0.00295
5012.09005,0.00592
5014.01851,0.02146
5015.94698,0.02703
5017.87545,0.02289
5019.80392,0.02045
5021.73239,0.01983
5023.66086,0.01611
5025.58933,0.01187
5027.51779,0.00979
5029.44626,0.00710
5031.37473,0.00645
5033.30320,0.01142
5035.23167,0.01965
5037.16014,0.03057
5039.08861,0.04188
5041.01708,0.04870
5042.94554,0.04617
5044.87401,0.02915
5046.80248,0.00459
5048.73095,-0.01070
5050.65942,-0.01245
5052.58789,-0.00823
5054.51636,-0.00523
5056.44482,-0.00390
5058.37329,0.00318
5060.30176,0.01682
5062.23023,0.02952
5064.15870,0.03441
5066.08717,0.02702
5068.01564,0.01706
5069.94410,0.01142
5071.87257,-0.00385
5073.80104,-0.02332
5075.72951,-0.02334
5077.65798,-0.00887
5079.58645,0.00567
5081.51492,0.02336
5083.44339,0.04429
5085.37185,0.05338
5087.30032,0.04610
5089.22879,0.03894
5091.15726,0.03236
5093.08573,0.02047
5095.01420,0.01215
5096.94267,0.00847
5098.87113,0.00796
5100.79960,0.01114
5102.72807,0.00936
5104.65654,0.00623
5106.58501,0.01637
5108.51348,0.03569
5110.44195,0.05245
5112.37042,0.05718
5114.29888,0.04501
5116.22735,0.03032
5118.15582,0.02147
5120.08429,0.01319
5122.01276,0.00471
5123.94123,-0.00270
5125.86970,-0.00047
5127.79816,0.01377
5129.72663,0.02588
5131.65510,0.02915
5133.58357,0.01990
5135.51204,0.00665
5137.44051,0.01547
5139.36898,0.03268
5141.29745,0.02139
5143.22591,-0.00103
5145.15438,0.00459
5147.08285,0.03242
5149.01132,0.05112
5150.93979,0.04202
5152.86826,0.02047
5154.79673,0.02588
5156.72519,0.05238
5158.65366,0.06022
5160.58213,0.05337
5162.51060,0.04697
5164.43907,0.04161
5166.36754,0.03672
5168.29601,0.02803
5170.22448,0.02353
5172.15294,0.02839
5174.08141,0.02640
5176.00988,0.01808
5177.93835,0.01809
5179.86682,0.02800
5181.79529,0.03945
5183.72376,0.03430
5185.65222,0.01829
5187.58069,0.02204
5189.50916,0.03634
5191.43763,0.03177
5193.36610,0.01857
5195.29457,0.02159
5197.22304,0.02661
5199.15151,0.02616
5201.07997,0.03592
5203.00844,0.04046
5204.93691,0.03284
5206.86538,0.03550
5208.79385,0.04703
5210.72232,0.05304
5212.65079,0.05729
5214.57925,0.05360
5216.50772,0.03079
5218.43619,0.00495
5220.36466,0.00122
5222.29313,0.01428
5224.22160,0.02496
5226.15007,0.03008
5228.07854,0.04135
5230.00700,0.05794
5231.93547,0.06225
5233.86394,0.04825
5235.79241,0.03509
5237.72088,0.04286
5239.64935,0.06429
5241.57782,0.07611
5243.50628,0.06697
5245.43475,0.04852
5247.36322,0.04459
5249.29169,0.06006
5251.22016,0.08085
5253.14863,0.08913
5255.07710,0.07826
5257.00556,0.06070
5258.93403,0.04478
5260.86250,0.03093
5262.79097,0.01919
5264.71944,0.01545
5266.64791,0.03653
5268.57638,0.08066
5270.50485,0.11216
5272.43331,0.10359
5274.36178,0.07845
5276.29025,0.07263
5278.21872,0.07273
5280.14719,0.04472
5282.07566,0.01780
5284.00413,0.02161
5285.93259,0.03342
5287.86106,0.04259
5289.78953,0.05498
5291.71800,0.06802
5293.64647,0.07645
5295.57494,0.07943
5297.50341,0.06528
5299.43188,0.03464
5301.36034,0.02363
5303.28881,0.04414
5305.21728,0.07032
5307.14575,0.08243
5309.07422,0.07109
5311.00269,0.04491
5312.93116,0.02373
5314.85962,0.01826
5316.78809,0.03638
5318.71656,0.07057
5320.64503,0.08727
5322.57350,0.07493
5324.50197,0.06375
5326.43044,0.06059
5328.35891,0.03775
5330.28737,0.02570
5332.21584,0.05240
5334.14431,0.06590
5336.07278,0.04470
5338.00125,0.02779
5339.92972,0.02612
5341.85819,0.02029
5343.78665,0.01407
5345.71512,0.02630
5347.64359,0.04707
5349.57206,0.05670
5351.50053,0.05459
5353.42900,0.05265
5355.35747,0.06087
5357.28594,0.06965
5359.21440,0.07294
5361.14287,0.07190
5363.07134,0.06513
5364.99981,0.06288
5366.92828,0.06754
5368.85675,0.06777
5370.78522,0.06040
5372.71368,0.05486
5374.64215,0.06108
5376.57062,0.06125
5378.49909,0.04623
5380.42756,0.04094
5382.35603,0.05328
5384.28450,0.07081
5386.21297,0.08325
5388.14143,0.08839
5390.06990,0.08018
5391.99837,0.06404
5393.92684,0.05599
5395.85531,0.05465
5397.78378,0.05446
5399.71225,0.06044
5401.64071,0.06349
5403.56918,0.05622
5405.49765,0.04842
5407.42612,0.04964
5409.35459,0.05975
5411.28306,0.06791
5413.21153,0.07647
5415.13999,0.08874
5417.06846,0.09427
5418.99693,0.09033
5420.92540,0.07088
5422.85387,0.04251
5424.78234,0.03076
5426.71081,0.04352
5428.63928,0.05597
5430.56774,0.04504
5432.49621,0.03086
5434.42468,0.03192
5436.35315,0.02958
5438.28162,0.02148
5440.21009,0.03619
5442.13856,0.06785
5444.06702,0.08482
5445.99549,0.08264
5447.92396,0.08007
5449.85243,0.09588
5451.78090,0.11422
5453.70937,0.11438
5455.63784,0.09997
5457.56631,0.08040
5459.49477,0.05911
5461.42324,0.04375
5463.35171,0.05176
5465.28018,0.07129
5467.20865,0.07415
5469.13712,0.06053
5471.06559,0.04534
5472.99405,0.03926
5474.92252,0.04105
5476.85099,0.04119
5478.77946,0.04445
5480.70793,0.05769
5482.63640,0.06755
5484.56487,0.06376
5486.49334,0.05922
5488.42180,0.05904
5490.35027,0.06442
5492.27874,0.07325
5494.20721,0.06654
5496.13568,0.06258
5498.06415,0.07344
5499.99262,0.07078
5501.92108,0.06168
5503.84955,0.07124
5505.77802,0.08187
5507.70649,0.07814
5509.63496,0.07650
5511.56343,0.07806
5513.49190,0.05883
5515.42037,0.03049
5517.34883,0.03360
5519.27730,0.04972
5521.20577,0.04748
5523.13424,0.05116
5525.06271,0.06719
5526.99118,0.07803
5528.91965,0.08488
5530.84811,0.08485
5532.77658,0.08077
5534.70505,0.07104
5536.63352,0.04689
5538.56199,0.04120
5540.49046,0.07419
5542.41893,0.09781
5544.34740,0.08548
5546.27586,0.06551
5548.20433,0.06133
5550.13280,0.07558
5552.06127,0.09755
5553.98974,0.11976
5555.91821,0.12005
5557.84668,0.08649
5559.77514,0.06876
5561.70361,0.09128
5563.63208,0.11538
5565.56055,0.11544
5567.48902,0.09945
5569.41749,0.08454
5571.34596,0.09639
5573.27443,0.12888
5575.20289,0.11717
5577.13136,0.05691
5579.05983,0.02305
5580.98830,0.04615
5582.91677,0.08364
5584.84524,0.09980
5586.77371,0.10291
5588.70217,0.09870
5590.63064,0.08556
5592.55911,0.06728
5594.48758,0.04960
5596.41605,0.04225
5598.34452,0.03887
5600.27299,0.03706
5602.20145,0.05351
5604.12992,0.07456
5606.05839,0.07521
5607.98686,0.05954
5609.91533,0.04320
5611.84380,0.03912
5613.77227,0.05652
5615.70074,0.08032
5617.62920,0.08573
5619.55767,0.09180
5621.48614,0.11163
5623.41461,0.11173
5625.34308,0.07892
5627.27155,0.04299
5629.20002,0.04374
5631.12848,0.06753
5633.05695,0.07653
5634.98542,0.06936
5636.91389,0.06339
5638.84236,0.06376
5640.77083,0.05792
5642.69930,0.05380
5644.62777,0.06557
5646.55623,0.07429
5648.48470,0.06605
5650.41317,0.05814
5652.34164,0.06244
5654.27011,0.06808
5656.19858,0.06618
5658.12705,0.05696
5660.05551,0.05201
5661.98398,0.06634
5663.91245,0.09369
5665.84092,0.12505
5667.76939,0.14945
5669.69786,0.13654
5671.62633,0.08622
5673.55480,0.05050
5675.48326,0.05173
5677.41173,0.05412
5679.34020,0.04276
5681.26867,0.05156
5683.19714,0.07923
5685.12561,0.08412
5687.05408,0.07158
5688.98254,0.07134
5690.91101,0.07942
5692.83948,0.08398
5694.76795,0.07698
5696.69642,0.06076
5698.62489,0.05036
5700.55336,0.04714
5702.48183,0.05322
5704.41029,0.06320
5706.33876,0.06877
5708.26723,0.08908
5710.19570,0.12036
5712.12417,0.13262
5714.05264,0.11819
5715.98111,0.08038
5717.90957,0.03966
5719.83804,0.03697
5721.76651,0.06628
5723.69498,0.07990
5725.62345,0.07179
5727.55192,0.06345
5729.48039,0.05689
5731.40886,0.05507
5733.33732,0.05586
5735.26579,0.05682
5737.19426,0.07034
5739.12273,0.07722
5741.05120,0.06696
5742.97967,0.08263
5744.90814,0.12605
5746.83660,0.15361
5748.76507,0.16492
5750.69354,0.16034
5752.62201,0.11658
5754.55048,0.07939
5756.47895,0.09296
5758.40742,0.13048
5760.33588,0.14339
5762.26435,0.11000
5764.19282,0.08056
5766.12129,0.08685
5768.04976,0.09106
5769.97823,0.07401
5771.90670,0.06375
5773.83517,0.09345
5775.76363,0.13378
5777.69210,0.12870
5779.62057,0.07891
5781.54904,0.04083
5783.47751,0.05355
5785.40598,0.08653
5787.33445,0.09434
5789.26291,0.09681
5791.19138,0.11510
5793.11985,0.11328
5795.04832,0.08581
5796.97679,0.05838
5798.90526,0.03964
5800.83373,0.04840
5802.76220,0.07034
5804.69066,0.07996
5806.61913,0.10097
5808.54760,0.11910
5810.47607,0.11426
5812.40454,0.11307
5814.33301,0.11756
5816.26148,0.12418
5818.18994,0.13671
5820.11841,0.14052
5822.04688,0.14459
5823.97535,0.15411
5825.90382,0.14151
5827.83229,0.11272
5829.76076,0.10257
5831.68923,0.11147
5833.61769,0.10405
5835.54616,0.06668
5837.47463,0.02882
5839.40310,0.01780
5841.33157,0.04580
5843.26004,0.09529
5845.18851,0.12981
5847.11697,0.14550
5849.04544,0.14354
5850.97391,0.11844
5852.90238,0.07395
5854.83085,0.01666
5856.75932,-0.01254
5858.68779,0.01262
5860.61626,0.04586
5862.54472,0.04928
5864.47319,0.03878
5866.40166,0.02679
5868.33013,0.02820
5870.25860,0.06800
5872.18707,0.12412
5874.11554,0.13433
5876.04400,0.09028
5877.97247,0.06128
5879.90094,0.05468
5881.82941,0.03098
5883.75788,0.00434
5885.68635,-0.00048
5887.61482,0.00721
5889.54329,0.00057
5891.47175,0.00763
5893.40022,0.04873
5895.32869,0.06924
5897.25716,0.04764
5899.18563,0.03862
5901.11410,0.08123
5903.04257,0.11490
5904.97103,0.10242
5906.89950,0.10447
5908.82797,0.11589
5910.75644,0.08612
5912.68491,0.03417
5914.61338,0.01520
5916.54185,0.03077
5918.47032,0.04861
5920.39878,0.07890
5922.32725,0.11079
5924.25572,0.10975
5926.18419,0.08793
5928.11266,0.05862
5930.04113,0.01381
5931.96960,-0.00528
5933.89806,0.04128
5935.82653,0.10064
5937.75500,0.12331
5939.68347,0.11238
5941.61194,0.07311
5943.54041,0.04553
5945.46888,0.06323
5947.39734,0.08406
5949.32581,0.06769
5951.25428,0.04480
5953.18275,0.03225
5955.11122,0.00113
5957.03969,-0.02717
5958.96816,-0.00504
5960.89663,0.04819
5962.82509,0.08226
5964.75356,0.08086
5966.68203,0.05962
5968.61050,0.04835
5970.53897,0.05358
5972.46744,0.06760
5974.39591,0.09818
5976.32437,0.14212
5978.25284,0.14659
5980.18131,0.10274
5982.10978,0.08312
5984.03825,0.09637
5985.96672,0.08420
5987.89519,0.05473
5989.82366,0.06405
5991.75212,0.10039
5993.68059,0.11248
5995.60906,0.12313
5997.53753,0.15046
5999.46600,0.14221
6001.39447,0.12147
6003.32294,0.14419
6005.25140,0.16531
6007.17987,0.14071
6009.10834,0.08635
6011.03681,0.02057
6012.96528,-0.00167
6014.89375,0.03901
6016.82222,0.07727
6018.75069,0.07420
6020.67915,0.06214
6022.60762,0.06618
6024.53609,0.07819
6026.46456,0.08909
6028.39303,0.08706
6030.32150,0.06676
6032.24997,0.05625
6034.17843,0.07084
6036.10690,0.09452
6038.03537,0.12015
6039.96384,0.14740
6041.89231,0.15469
6043.82078,0.13296
6045.74925,0.11563
6047.67772,0.11029
6049.60618,0.10281
6051.53465,0.09658
6053.46312,0.08478
6055.39159,0.06638
6057.32006,0.07257
6059.24853,0.10320
6061.17700,0.11291
6063.10546,0.10037
6065.03393,0.09083
6066.96240,0.09571
6068.89087,0.11384
6070.81934,0.11977
6072.74781,0.10846
6074.67628,0.07756
6076.60475,0.02483
6078.53321,-0.00980
6080.46168,0.02185
6082.39015,0.09437
6084.31862,0.12704
6086.24709,0.12659
6088.17556,0.14598
6090.10403,0.14435
6092.03249,0.08440
6093.96096,0.02455
6095.88943,0.02138
6097.81790,0.03780
6099.74637,0.04060
6101.67484,0.05984
6103.60331,0.09031
6105.53177,0.08632
6107.46024,0.05364
6109.38871,0.03289
6111.31718,0.02766
6113.24565,0.01511
6115.17412,-0.01524
6117.10259,-0.01908
6119.03106,0.05477
6120.95952,0.12383
6122.88799,0.10910
6124.81646,0.06911
6126.74493,0.05817
6128.67340,0.04821
6130.60187,0.01781
6132.53034,0.01342
6134.45880,0.04705
6136.38727,0.05661
6138.31574,0.03288
6140.24421,0.03267
6142.17268,0.04912
6144.10115,0.03293
6146.02962,0.00806
6147.95809,0.04739
6149.88655,0.14864
6151.81502,0.21358
6153.74349,0.18771
6155.67196,0.12771
6157.60043,0.10172
6159.52890,0.10809
6161.45737,0.11157
6163.38583,0.09841
6165.31430,0.08169
6167.24277,0.09305
6169.17124,0.10069
6171.09971,0.05169
6173.02818,-0.00618
6174.95665,0.00992
6176.88512,0.08139
6178.81358,0.11427
6180.74205,0.10284
6182.67052,0.10370
6184.59899,0.08876
6186.52746,0.03756
6188.45593,0.02804
6190.38440,0.08253
6192.31286,0.12736
6194.24133,0.13969
6196.16980,0.12281
6198.09827,0.08226
6200.02674,0.05596
6201.95521,0.06110
6203.88368,0.07622
6205.81215,0.07087
6207.74061,0.03637
6209.66908,0.00165
6211.59755,0.00064
6213.52602,0.02122
6215.45449,0.03315
6217.38296,0.03413
6219.31143,0.05402
6221.23989,0.11411
6223.16836,0.15837
6225.09683,0.11982
6227.02530,0.08352
6228.95377,0.11724
6230.88224,0.14565
6232.81071,0.11986
6234.73918,0.09806
6236.66764,0.12158
6238.59611,0.13775
6240.52458,0.12425
6242.45305,0.10652
6244.38152,0.09374
6246.30999,0.09520
6248.23846,0.09544
6250.16692,0.09136
6252.09539,0.09109
6254.02386,0.07196
6255.95233,0.01941
6257.88080,-0.01981
6259.80927,0.01764
6261.73774,0.08876
6263.66621,0.12531
6265.59467,0.13080
6267.52314,0.10414
6269.45161,0.06925
6271.38008,0.10090
6273.30855,0.17675
6275.23702,0.18704
6277.16549,0.12668
6279.09395,0.09701
6281.02242,0.14206
6282.95089,0.18674
6284.87936,0.14938
6286.80783,0.06684
6288.73630,0.02692
6290.66477,0.03896
6292.59323,0.03275
6294.52170,0.01943
6296.45017,0.04771
6298.37864,0.10203
6300.30711,0.13887
6302.23558,0.12132
6304.16405,0.08663
6306.09252,0.07254
6308.02098,0.04632
6309.94945,-0.00009
6311.87792,-0.01578
6313.80639,0.02095
6315.73486,0.05912
6317.66333,0.08651
6319.59180,0.10476
6321.52026,0.09670
6323.44873,0.11561
6325.37720,0.14815
6327.30567,0.11176
6329.23414,0.01949
6331.16261,-0.03596
6333.09108,-0.00204
6335.01955,0.06752
6336.94801,0.12531
6338.87648,0.15256
6340.80495,0.11525
6342.73342,0.04844
6344.66189,0.00586
6346.59036,-0.00928
6348.51883,-0.01465
6350.44729,0.00247
6352.37576,0.04949
6354.30423,0.10252
6356.23270,0.15036
6358.16117,0.14539
6360.08964,0.09196
6362.01811,0.05797
6363.94658,0.03634
6365.87504,0.07427
6367.80351,0.18950
6369.73198,0.22173
6371.66045,0.17027
6373.58892,0.11843
6375.51739,0.05157
6377.44586,0.00456
6379.37432,0.00837
6381.30279,0.04763
6383.23126,0.10001
6385.15973,0.11932
6387.08820,0.09852
6389.01667,0.07553
6390.94514,0.08400
6392.87361,0.12470
6394.80207,0.16189
6396.73054,0.16212
6398.65901,0.11628
6400.58748,0.06140
6402.51595,0.05724
6404.44442,0.11206
6406.37289,0.18734
6408.30135,0.18832
6410.22982,0.07767
6412.15829,-0.01150
6414.08676,0.00996
6416.01523,0.05178
6417.94370,0.03908
6419.87217,0.02486
6421.80064,0.03669
6423.72910,0.00964
6425.65757,-0.04728
6427.58604,-0.03657
6429.51451,0.03755
6431.44298,0.06733
6433.37145,0.06130
6435.29992,0.09726
6437.22838,0.13372
6439.15685,0.12542
6441.08532,0.10178
6443.01379,0.06541
6444.94226,0.03221
6446.87073,0.01445
6448.79920,0.00378
6450.72766,0.02476
6452.65613,0.03991
6454.58460,0.01269
6456.51307,-0.00185
6458.44154,0.01316
6460.37001,0.02374
6462.29848,0.01026
6464.22695,-0.01395
6466.15541,-0.00669
6468.08388,0.02353
6470.01235,0.01778
6471.94082,-0.00699
6473.86929,0.03131
6475.79776,0.09655
6477.72623,0.09142
6479.65469,0.06257
6481.58316,0.08393
6483.51163,0.12391
6485.44010,0.14216
6487.36857,0.12989
6489.29704,0.11444
6491.22551,0.12307
6493.15398,0.12107
6495.08244,0.07616
6497.01091,0.02261
6498.93938,0.01000
6500.86785,0.04164
6502.79632,0.06700
6504.72479,0.06916
6506.65326,0.09252
6508.58172,0.10576
6510.51019,0.02774
6512.43866,-0.05369
6514.36713,-0.00439
6516.29560,0.09389
6518.22407,0.10305
6520.15254,0.04283
6522.08101,-0.00667
6524.00947,0.00392
6525.93794,0.07893
6527.86641,0.15818
6529.79488,0.20596
6531.72335,0.20529
6533.65182,0.16277
6535.58029,0.12448
6537.50875,0.13311
6539.43722,0.14574
6541.36569,0.08631
6543.29416,0.02964
6545.22263,0.04625
6547.15110,0.07840
6549.07957,0.08166
6551.00804,0.06462
6552.93650,0.06044
6554.86497,0.04830
6556.79344,0.01947
6558.72191,0.00658
6560.65038,0.02427
6562.57885,0.08355
6564.50732,0.14196
6566.43578,0.12417
6568.36425,0.05609
6570.29272,-0.02524
6572.22119,-0.10755
6574.14966,-0.11341
6576.07813,-0.01655
6578.00660,0.06421
6579.93507,0.02858
6581.86353,-0.05700
6583.79200,-0.07273
6585.72047,-0.01967
6587.64894,0.02907
6589.57741,0.07218
6591.50588,0.11648
6593.43435,0.12548
6595.36281,0.12032
6597.29128,0.11998
6599.21975,0.11346
6601.14822,0.14986
6603.07669,0.19581
6605.00516,0.16180
6606.93363,0.08372
6608.86210,0.06957
6610.79056,0.14186
6612.71903,0.20645
6614.64750,0.21196
6616.57597,0.22338
6618.50444,0.23532
6620.43291,0.19678
6622.36138,0.17381
6624.28984,0.17646
6626.21831,0.15287
6628.14678,0.15962
6630.07525,0.19584
6632.00372,0.18840
6633.93219,0.18371
6635.86066,0.18834
6637.78912,0.12341
6639.71759,0.08363
6641.64606,0.16696
6643.57453,0.22351
6645.50300,0.15611
6647.43147,0.11003
6649.35994,0.10790
6651.28841,0.07473
6653.21687,0.05095
6655.14534,0.04701
6657.07381,0.03230
6659.00228,0.05383
6660.93075,0.09516
6662.85922,0.06364
6664.78769,-0.01952
6666.71615,-0.05621
6668.64462,-0.01359
6670.57309,0.05910
6672.50156,0.11690
6674.43003,0.14928
6676.35850,0.14113
6678.28697,0.08181
6680.21544,0.02802
6682.14390,0.02019
6684.07237,0.05069
6686.00084,0.06525
6687.92931,0.04070
6689.85778,0.05384
6691.78625,0.04774
6693.71472,-0.00312
6695.64318,0.03094
6697.57165,0.16304
6699.50012,0.25755
6701.42859,0.27237
6703.35706,0.25164
6705.28553,0.19626
6707.21400,0.13066
6709.14247,0.08268
6711.07093,0.03968
6712.99940,0.03721
6714.92787,0.03720
6716.85634,0.00126
6718.78481,0.01423
6720.71328,0.05230
6722.64175,0.01724
6724.57021,0.02963
6726.49868,0.15274
6728.42715,0.19655
6730.35562,0.10977
6732.28409,0.05391
6734.21256,0.06005
6736.14103,0.06811
6738.06950,0.07847
6739.99796,0.11111
6741.92643,0.13352
6743.85490,0.10260
6745.78337,0.06751
6747.71184,0.07393
6749.64031,0.07849
6751.56878,0.04604
6753.49724,0.02806
6755.42571,0.03985
6757.35418,0.06409
6759.28265,0.12028
6761.21112,0.14541
6763.13959,0.10685
6765.06806,0.07065
6766.99653,0.04060
6768.92499,0.05994
6770.85346,0.10986
6772.78193,0.06837
6774.71040,0.00954
6776.63887,0.04456
6778.56734,0.07152
6780.49581,0.04139
6782.42427,0.00568
6784.35274,-0.02211
6786.28121,-0.04105
6788.20968,-0.04802
6790.13815,-0.04975
6792.06662,-0.05347
6793.99509,-0.04691
6795.92355,-0.01349
6797.85202,0.03337
6799.78049,0.08993
6801.70896,0.11026
6803.63743,0.03656
6805.56590,-0.04472
6807.49437,-0.06948
6809.42284,-0.03753
6811.35130,0.08071
6813.27977,0.15471
6815.20824,0.06017
6817.13671,-0.01896
6819.06518,0.03552
6820.99365,0.13692
6822.92212,0.24958
6824.85058,0.29106
6826.77905,0.23698
6828.70752,0.17139
6830.63599,0.15170
6832.56446,0.14929
6834.49293,0.15923
6836.42140,0.18963
6838.34987,0.13941
6840.27833,0.01401
6842.20680,-0.05517
6844.13527,-0.03948
6846.06374,0.01778
6847.99221,0.09163
6849.92068,0.10206
6851.84915,0.04970
6853.77761,0.06978
6855.70608,0.10477
6857.63455,0.01467
6859.56302,-0.07035
6861.49149,-0.00303
6863.41996,0.10467
6865.34843,0.07372
6867.27690,-0.00751
6869.20536,0.01106
6871.13383,0.04641
6873.06230,-0.00537
6874.99077,-0.10408
6876.91924,-0.21692
6878.84771,-0.27422
6880.77618,-0.16427
6882.70464,-0.01063
6884.63311,0.06084
6886.56158,0.10759
6888.49005,0.15745
6890.41852,0.14815
6892.34699,0.07855
6894.27546,0.05377
6896.20393,0.08034
6898.13239,0.06276
6900.06086,0.00460
6901.98933,-0.01581
6903.91780,0.02486
6905.84627,0.13578
6907.77474,0.20722
6909.70321,0.13475
6911.63167,0.04241
6913.56014,0.00617
6915.48861,-0.03356
6917.41708,-0.07635
6919.34555,-0.09291
6921.27402,-0.05951
6923.20249,0.00937
6925.13096,0.07666
6927.05942,0.13686
6928.98789,0.20849
6930.91636,0.21639
6932.84483,0.07947
6934.77330,-0.02901
6936.70177,-0.00592
6938.63024,0.07433
6940.55870,0.08554
6942.48717,0.02013
6944.41564,-0.01703
6946.34411,-0.00211
6948.27258,0.06382
6950.20105,0.09800
6952.12952,0.01300
6954.05799,-0.09094
6955.98645,-0.02259
6957.91492,0.11697
6959.84339,0.10939
6961.77186,0.00512
6963.70033,-0.01316
6965.62880,0.02703
6967.55727,-0.01016
6969.48573,-0.08352
6971.41420,-0.10183
6973.34267,-0.07742
6975.27114,-0.01635
6977.19961,0.04815
6979.12808,0.11265
6981.05655,0.19687
6982.98501,0.30526
6984.91348,0.39379
6986.84195,0.36204
6988.77042,0.25490
6990.69889,0.20349
6992.62736,0.16815
6994.55583,0.09853
6996.48430,0.07007
6998.41276,0.08855
7000.34123,0.05058
7002.26970,0.00383
7004.19817,0.01959
7006.12664,0.05281
7008.05511,0.09811
7009.98358,0.14569
7011.91204,0.15016
7013.84051,0.13294
7015.76898,0.14683
7017.69745,0.19209
7019.62592,0.20576
7021.55439,0.13811
7023.48286,0.03254
7025.41133,-0.00732
7027.33979,0.03095
7029.26826,0.03409
7031.19673,0.00200
7033.12520,0.01807
7035.05367,0.07236
7036.98214,0.13081
7038.91061,0.09666
7040.83907,-0.08903
7042.76754,-0.31555
7044.69601,-0.37139
7046.62448,-0.28062
7048.55295,-0.16893
7050.48142,-0.07037
7052.40989,0.01895
7054.33836,0.13351
7056.26682,0.26223
7058.19529,0.23263
7060.12376,0.05235
7062.05223,-0.05125
7063.98070,-0.05081
7065.90917,-0.02478
7067.83764,0.01187
7069.76610,0.00685
7071.69457,-0.07408
7073.62304,-0.12452
7075.55151,-0.11207
7077.47998,-0.11059
7079.40845,-0.14776
7081.33692,-0.13083
7083.26539,-0.03623
7085.19385,0.02879
7087.12232,0.06264
7089.05079,0.03888
7090.97926,-0.04995
7092.90773,-0.05426
7094.83620,0.03327
7096.76467,0.05958
7098.69313,-0.00169
7100.62160,-0.03942
7102.55007,0.01985
7104.47854,0.07156
7106.40701,0.01646
7108.33548,-0.00868
7110.26395,0.04711
7112.19242,0.07261
7114.12088,0.03184
7116.04935,-0.06807
7117.97782,-0.26084
7119.90629,-0.36488
7121.83476,-0.24704
7123.76323,-0.12364
7125.69170,-0.07801
7127.62016,-0.00086
7129.54863,0.05798
7131.47710,0.07420
7133.40557,0.13397
7135.33404,0.17340
7137.26251,0.12725
7139.19098,0.03568
7141.11944,-0.02716
7143.04791,-0.00054
7144.97638,0.10948
7146.90485,0.22460
7148.83332,0.27582
7150.76179,0.25184
7152.69026,0.21235
7154.61873,0.24132
7156.54719,0.23100
7158.47566,0.14060
7160.40413,0.09669
7162.33260,0.14359
7164.26107,0.26539
7166.18954,0.36794
7168.11801,0.28152
7170.04647,0.05511
7171.97494,-0.06436
7173.90341,0.00177
7175.83188,0.09484
7177.76035,0.09038
7179.68882,0.07587
7181.61729,0.12975
7183.54576,0.17175
7185.47422,0.13374
7187.40269,0.08737
7189.33116,0.07728
7191.25963,0.10588
7193.18810,0.14897
7195.11657,0.15133
7197.04504,0.09410
7198.97350,0.02309
7200.90197,0.03187
7202.83044,0.11382
7204.75891,0.15046
7206.68738,0.15743
7208.61585,0.17440
7210.54432,0.18836
7212.47279,0.25640
7214.40125,0.31546
7216.32972,0.18519
7218.25819,-0.13297
7220.18666,-0.26366
7222.11513,-0.17141
7224.04360,-0.07720
7225.97207,-0.04350
7227.90053,0.04335
7229.82900,0.17255
7231.75747,0.19350
7233.68594,0.18028
7235.61441,0.22078
7237.54288,0.17493
7239.47135,0.01187
7241.39982,-0.11418
7243.32828,-0.15221
7245.25675,-0.13625
7247.18522,-0.10745
7249.11369,-0.08005
7251.04216,-0.00555
7252.97063,0.11165
7254.89910,0.18320
7256.82756,0.25493
7258.75603,0.36681
7260.68450,0.37932
7262.61297,0.16525
7264.54144,-0.03410
7266.46991,-0.00201
7268.39838,0.15773
7270.32685,0.23525
7272.25531,0.10153
7274.18378,-0.02187
7276.11225,0.05504
7278.04072,0.24118
7279.96919,0.27755
7281.89766,0.07219
7283.82613,0.02473
7285.75459,0.16351
7287.68306,0.23828
7289.61153,0.21327
7291.54000,0.19436
7293.46847,0.19018
7295.39694,0.14485
7297.32541,0.09795
7299.25387,0.15057
7301.18234,0.27166
7303.11081,0.29484
7305.03928,0.14362
7306.96775,-0.01144
7308.89622,0.03495
7310.82469,0.18396
7312.75316,0.28593
7314.68162,0.33444
7316.61009,0.28998
7318.53856,0.23765
7320.46703,0.19689
7322.39550,0.10662
7324.32397,0.10210
7326.25244,0.21320
7328.18090,0.25335
7330.10937,0.13241
7332.03784,0.03037
7333.96631,0.04373
7335.89478,0.07099
7337.82325,0.05633
7339.75172,0.05103
7341.68019,-0.00881
7343.60865,-0.16213
7345.53712,-0.19824
7347.46559,-0.02740
7349.39406,0.15965
7351.32253,0.18753
7353.25100,0.08768
7355.17947,-0.04122
7357.10793,-0.08154
7359.03640,-0.03012
7360.96487,-0.05490
7362.89334,0.00714
7364.82181,0.21638
7366.75028,0.33625
7368.67875,0.31416
7370.60722,0.23314
7372.53568,0.16916
7374.46415,0.14460
7376.39262,0.09293
7378.32109,0.00980
7380.24956,-0.00620
7382.17803,0.09000
7384.10650,0.26726
7386.03496,0.37716
7387.96343,0.27783
7389.89190,0.24542
7391.82037,0.33967
7393.74884,0.31129
7395.67731,0.24992
7397.60578,0.23389
7399.53425,0.14923
7401.46271,0.08946
7403.39118,0.07911
7405.31965,0.02182
7407.24812,-0.00949
7409.17659,-0.01550
7411.10506,-0.13848
7413.03353,-0.28918
7414.96199,-0.27878
7416.89046,-0.09084
7418.81893,0.12318
7420.74740,0.18406
7422.67587,0.14762
7424.60434,0.09403
7426.53281,0.04921
7428.46128,0.05945
7430.38974,0.21903
7432.31821,0.47686
7434.24668,0.57888
7436.17515,0.38589
7438.10362,0.05983
7440.03209,-0.05304
7441.96056,0.10847
7443.88902,0.15325
7445.81749,0.04706
7447.74596,0.13203
7449.67443,0.30653
7451.60290,0.27001
7453.53137,0.18144
7455.45984,0.08646
7457.38831,-0.08895
7459.31677,-0.09192
7461.24524,0.12565
7463.17371,0.14878
7465.10218,0.05737
7467.03065,0.02614
7468.95912,-0.01670
7470.88759,-0.00726
7472.81605,0.04841
7474.74452,-0.01712
7476.67299,-0.12469
7478.60146,-0.12150
7480.52993,-0.08926
7482.45840,-0.15846
7484.38687,-0.22438
7486.31533,-0.19026
7488.24380,-0.07609
7490.17227,0.12531
7492.10074,0.33786
7494.02921,0.37533
7495.95768,0.29518
7497.88615,0.28350
