0ppm-20-30cm-snr4-0.DPT,1832.72667464185,11.7327747983101,11.5826522102526
0ppm-20-30cm-snr4-1.DPT,1834.56156987466,11.9266796070881,11.8541948398968
0ppm-20-30cm-snr4-end-0.DPT,1838.02064069182,11.6127680996863,11.6077342598656
0ppm-20-30cm-snr4-end-1.DPT,1841.0746496708,11.8482086986058,11.7711305216585
0ppm-20-30cm-snr4-end-2.DPT,1850.15944096859,11.7953580942232,11.7953580942232
0ppm-20-30cm-snr4-test.DPT,1837.86190687666,11.988708124203,11.7966715510059
1000ppm-20-30cm-snr4-0.DPT,1888.11085309437,14.2481215507234,13.6091212891626
1000ppm-20-30cm-snr4-1.DPT,1875.46112655354,14.7237009912866,13.8848911287334
1000ppm-20-30cm-snr4-2.DPT,1888.02809711709,15.5752023093555,14.9880375797291
1000ppm-20-30cm-snr4-3.DPT,1896.73613757909,15.6751174422949,14.2934032997847
1000ppm-20-30cm-snr4-4.DPT,1897.15908467558,15.508302678348,14.6992843116262
100ppm-20-30cm-snr4-0.DPT,1844.16088744147,12.2279074185432,12.1098367320663
100ppm-20-30cm-snr4-1.DPT,1853.34596763991,11.7757037622064,11.74898588402
100ppm-20-30cm-snr4-2.DPT,1842.52156174658,11.8515333139554,11.7179138553205
100ppm-20-30cm-snr4-3.DPT,1840.58959023398,11.9907681818678,11.8012717804945
150ppm-20-30cm-snr4-0.DPT,1850.22850440047,12.0600019901553,12.0238626984692
150ppm-20-30cm-snr4-1.DPT,1847.26207329135,11.9382002601611,11.8151017779579
150ppm-20-30cm-snr4-2.DPT,1843.57848856478,12.1324857785444,12.0411998265592
150ppm-20-30cm-snr4-3.DPT,1851.5296720958,12.1846003139406,12.0844969497267
2000ppm-20-30cm-snr4-0.DPT,1926.88107710869,14.8240826928809,14.4105155402196
2000ppm-20-30cm-snr4-1.DPT,1916.4210853797,15.7888987020657,14.7005659834133
2000ppm-20-30cm-snr4-2.DPT,1909.07498506886,18.3893161452883,16.8089394069022
2000ppm-20-30cm-snr4-3.DPT,1921.01943491297,18.2768903147805,15.9345981956604
2000ppm-20-30cm-snr4-4.DPT,1919.29201615707,16.3488656837242,15.3491471244257
2000ppm-20-30cm-snr4-out-0-n.DPT,1910.99310619716,16.6776358450856,15.4714066420415
2000ppm-20-30cm-snr4-out-1.DPT,1899.89514687005,16.0783085051026,14.6686371172136
2000ppm-20-30cm-snr4-out-10-n.DPT,1896.22395879903,16.5955588515988,15.5814782422671
2000ppm-20-30cm-snr4-out-11.DPT,1892.30592752294,15.8037463911226,14.8399376961395
2000ppm-20-30cm-snr4-out-12.DPT,1891.62723788495,16.1600521055827,14.8838397943086
2000ppm-20-30cm-snr4-out-13.DPT,1898.56079792434,16.8909437062386,15.4302698636418
2000ppm-20-30cm-snr4-out-14.DPT,1894.95815231153,15.5579901113584,14.678828837512
2000ppm-20-30cm-snr4-out-15.DPT,1885.05507785824,15.9176003468815,15.1655535190146
2000ppm-20-30cm-snr4-out-16.DPT,1895.55844556578,15.217221680804,14.0837896178668
2000ppm-20-30cm-snr4-out-17.DPT,1890.35253788505,15.1215487988856,14.8320029591838
2000ppm-20-30cm-snr4-out-18.DPT,1888.43083663347,14.6852108295774,14.0099076017666
2000ppm-20-30cm-snr4-out-19.DPT,1892.69893024986,15.6607023439154,14.4830608487278
2000ppm-20-30cm-snr4-out-2.DPT,1914.98769322845,17.4448628718047,15.6304266933055
2000ppm-20-30cm-snr4-out-20.DPT,1882.1693298134,14.6243274284732,14.2852409631806
2000ppm-20-30cm-snr4-out-3.DPT,1906.51988826254,16.9314625130699,15.6019378860667
2000ppm-20-30cm-snr4-out-4.DPT,1906.89292953987,16.1708286491247,14.8611681438891
2000ppm-20-30cm-snr4-out-5-n.DPT,1910.50060215531,17.104110474574,15.567370125413
2000ppm-20-30cm-snr4-out-6.DPT,1900.06869921552,17.8968148017377,16.1744267809121
2000ppm-20-30cm-snr4-out-7.DPT,1897.05185353196,15.6976364658849,14.6839336806728
2000ppm-20-30cm-snr4-out-8.DPT,1892.37538191528,15.4257230705352,14.33916215832
2000ppm-20-30cm-snr4-out-9.DPT,1912.88492909765,16.4301859900687,14.9539322935805
200ppm-20-30cm-snr4-0.DPT,1841.11660300921,12.0114226825251,11.9084446825282
200ppm-20-30cm-snr4-1.DPT,1848.5511633805,12.27604938918,12.134615195022
200ppm-20-30cm-snr4-2.DPT,1844.0274933644,12.2870655737094,12.0502425594887
200ppm-20-30cm-snr4-3.DPT,1850.09583794119,12.4680008580058,12.1939469416103
200ppm-20-30cm-snr4-4.DPT,1850.16205490025,12.4018112262517,12.3291837863668
250ppm-20-30cm-snr4-0.DPT,1865.19835008702,13.1966448658544,12.7449673114068
250ppm-20-30cm-snr4-1.DPT,1853.88273389279,12.390500485891,12.1112488422458
250ppm-20-30cm-snr4-2.DPT,1876.93051628294,13.0338154076778,12.8191370521691
250ppm-20-30cm-snr4-3.DPT,1871.47746093028,12.5719634153083,12.3792191266536
250ppm-20-30cm-snr4-4.DPT,1874.72521696147,12.1126614117229,12.0342566678957
300ppm-20-30cm-snr4-0.DPT,1858.85950864724,12.4572813131654,12.1659671887744
300ppm-20-30cm-snr4-1.DPT,1864.08480675907,12.194666746836,12.0746823809869
300ppm-20-30cm-snr4-2.DPT,1868.62686246634,12.9869111477192,12.8391314622517
300ppm-20-30cm-snr4-3.DPT,1872.07838671299,12.1795758337945,12.143143317191
350ppm-20-30cm-snr4-0.DPT,1867.84776881275,13.0181243013388,12.8575408898211
350ppm-20-30cm-snr4-1.DPT,1880.32551139705,13.7120251443329,13.6663255488299
350ppm-20-30cm-snr4-2.DPT,1875.3976277128,12.7140275661657,12.6640153903866
350ppm-20-30cm-snr4-3.DPT,1870.15901623685,13.4151161869098,12.9370904274124
350ppm-20-30cm-snr4-4.DPT,1870.25177666712,12.8008893580166,12.4718356881173
500ppm-20-30cm-snr4-0.DPT,1891.69383539741,13.9739747957974,13.4380593782081
500ppm-20-30cm-snr4-1.DPT,1876.49269341372,14.5296410025999,13.9104630072414
500ppm-20-30cm-snr4-2.DPT,1880.65124907239,12.8802414564824,12.6248930932652
500ppm-20-30cm-snr4-3.DPT,1876.95237683996,13.5066514128786,13.1488553095346
500ppm-20-30cm-snr4-4.DPT,1873.74914170184,13.6441573368877,13.4998404752816