0ppm-180-60cm-0.DPT,1093.91148158201,6.92397006173944,6.88733669711884
0ppm-180-60cm-1.DPT,1091.95569690121,6.85711339052502,6.84134569263221
0ppm-90-30cm-0.DPT,1068.65430531668,7.37810040086995,7.10143597290743
0ppm-90-30cm-1.DPT,1069.05114425472,6.68653698347433,6.67783794121716
0ppm-90-30cm-2.DPT,1070.61815183669,6.72477597283179,6.71722355590232
0ppm-90-30cm-3.DPT,1069.21699252036,6.69728308832495,6.68856251628426
1000ppm-90-30cm-0.DPT,1105.21064210225,10.0656376950239,9.36479000310009
1000ppm-90-30cm-1.DPT,1105.81369469998,10.3147035562516,9.53075825769965
1000ppm-90-30cm-2.DPT,1104.90273747884,10.3895878304669,9.52257981819358
1000ppm-90-30cm-3.DPT,1107.46689184672,10.2645653146751,9.5707026665684
1000ppm-90-30cm-4.DPT,1109.12141609384,10.2886337052319,9.58646797953026
1000ppm-90-30cm-5.DPT,1105.14630741801,10.3461012978488,9.51674749068778
100ppm-90-30cm-0.DPT,1073.21193466683,6.93574972449313,6.86069537466538
100ppm-90-30cm-1.DPT,1077.86463641249,7.01081456994902,6.93296255570359
100ppm-90-30cm-2.DPT,1073.82906618662,6.98622707650655,6.90817130689611
100ppm-90-30cm-3.DPT,1076.50725996999,7.08098599534533,6.95918970540078
100ppm-90-30cm-4.DPT,1071.94297084769,6.94949731082777,6.84806624304286
100ppm-90-30cm-5-n.DPT,1074.01631397576,7.01016000266616,6.94627131358703
100ppm-90-30cm-6-n.DPT,1075.48233286384,7.00863306255986,6.95229511476741
1500ppm-90-30cm-0.DPT,1118.83672403879,11.3483678049391,10.2004210665933
1500ppm-90-30cm-1.DPT,1120.13977892969,11.4327110961712,10.3133029827961
1500ppm-90-30cm-2.DPT,1119.0926496104,11.4490504884138,10.2835311793569
1500ppm-90-30cm-3.DPT,1117.17909698016,11.5782777061438,10.3677901347701
1500ppm-90-30cm-4.DPT,1120.41784938498,11.3123804178795,10.0718147993332
1500ppm-90-30cm-5-n.DPT,1113.8377681168,11.1747546204512,9.83468059042735
150ppm-90-30cm-0-n.DPT,1075.28731217515,7.41674065251028,7.29740524473376
150ppm-90-30cm-1.DPT,1080.44688838306,8.14968079567232,7.78481439677721
150ppm-90-30cm-2.DPT,1079.2568511966,7.31609264370069,7.2621192043248
150ppm-90-30cm-3.DPT,1077.36850403728,7.21337839090019,7.04344950567414
150ppm-90-30cm-4.DPT,1074.95499128683,7.3902278862752,7.27508599311432
150ppm-90-30cm-5.DPT,1076.40317494078,7.27786963479857,7.16925025264529
2000ppm-90-30cm-0.DPT,1129.14307045812,12.3040115161255,10.7541061433058
2000ppm-90-30cm-1.DPT,1131.10024798774,12.1027830601908,10.494404383882
2000ppm-90-30cm-2.DPT,1128.46273913025,12.511919950414,10.8502252755567
2000ppm-90-30cm-3.DPT,1128.10137865445,12.2753159694672,10.7365755337434
2000ppm-90-30cm-4.DPT,1130.51079516619,12.8191370521691,10.9941441335004
200ppm-90-30cm-0.DPT,1079.43514139294,7.61477187781706,7.47244028911427
200ppm-90-30cm-1.DPT,1081.03528655977,7.53895515857289,7.40358346571139
200ppm-90-30cm-2-n.DPT,1079.79517920321,7.55302398703292,7.3716936514434
200ppm-90-30cm-3.DPT,1078.93192444556,7.46880166113113,7.35725384668416
200ppm-90-30cm-4.DPT,1083.31600336176,7.46880166113113,7.4021505446693
200ppm-90-30cm-5.DPT,1083.84034414527,7.42777553812426,7.22620025332745
250ppm-90-30cm-0-n.DPT,1084.42573961005,7.87759111198466,7.64951562167008
250ppm-90-30cm-1.DPT,1085.23271811962,8.01040661329797,7.79003302852632
250ppm-90-30cm-2.DPT,1083.15721021631,7.97266541954557,7.78038348494958
250ppm-90-30cm-3.DPT,1082.60429192057,7.75415146268469,7.50312572194698
250ppm-90-30cm-4.DPT,1083.19766878855,7.90190194214621,7.65938509233613
250ppm-90-30cm-5-n.DPT,1083.21493191018,7.77882071241778,7.64547308736781
300ppm-90-30cm-0.DPT,1083.720901165,7.92338708803218,7.82068831214219
300ppm-90-30cm-1.DPT,1084.69982948065,8.32121694701945,8.01370400907981
300ppm-90-30cm-2.DPT,1084.69707271346,8.0958425296671,7.90136617298453
300ppm-90-30cm-3.DPT,1086.34594531151,8.09472213112647,7.88826043271506
300ppm-90-30cm-4.DPT,1084.05279742595,7.99696817018415,7.94524963259109
300ppm-90-30cm-5.DPT,1085.36891417572,8.05180510437965,7.90779976935007
300ppm-90-30cm-6.DPT,1083.33511193756,8.20218484163017,7.92096469613948
300ppm-90-30cm-7.DPT,1089.84811350382,8.22867682958225,8.04294025252902
350ppm-90-30cm-0.DPT,1088.82461045337,8.28858848971618,8.07237464594315
350ppm-90-30cm-1.DPT,1085.22561518708,8.35736391977339,8.0891244699545
350ppm-90-30cm-2.DPT,1088.25303972865,8.40132152907433,8.12958959957671
350ppm-90-30cm-3.DPT,1084.46351705303,8.27659826375187,8.04266351726789
350ppm-90-30cm-4.DPT,1087.68039734244,8.34162375309872,8.05235975889113
400ppm-90-30cm-0.DPT,1089.35718756837,8.48507571574502,8.23879788943914
400ppm-90-30cm-1.DPT,1090.83057862121,8.44937380776079,8.20103667379293
400ppm-90-30cm-2.DPT,1090.10770664145,8.42482791467388,8.10678158979503
400ppm-90-30cm-3.DPT,1092.57312536351,8.52880423978035,8.15478914147089
400ppm-90-30cm-4-n.DPT,1091.74194684737,8.81239409557618,8.48385027983987
450ppm-90-30cm-0.DPT,1090.50046577071,8.57110194560958,8.27076136371455
450ppm-90-30cm-1.DPT,1090.86616563763,8.6261423566603,8.3392528264292
450ppm-90-30cm-2.DPT,1091.33104871899,8.6195005579511,8.31915203859317
450ppm-90-30cm-3.DPT,1090.98423406952,8.5676654534683,8.25823853007763
500ppm-90-30cm-0.DPT,1089.05227451897,8.69601896347199,8.27484636989228
500ppm-90-30cm-1.DPT,1091.70880342167,8.76834629097081,8.44572861360202
500ppm-90-30cm-2.DPT,1094.6236765264,8.6857382785255,8.39741613797331
500ppm-90-30cm-3.DPT,1095.66939304804,8.82165481456253,8.50688494092085
500ppm-90-30cm-4.DPT,1094.6932815838,8.82828172485733,8.42906051002919
500ppm-90-30cm-5-n.DPT,1093.41991932471,8.82629258979094,8.47497619538874
50ppm-90-30cm-0.DPT,1075.81204637481,6.74443289948867,6.73869043289205
50ppm-90-30cm-1.DPT,1072.04940491299,6.95918970540078,6.89519108537325
50ppm-90-30cm-2.DPT,1074.75942136881,6.8012393326085,6.78691610224091
50ppm-90-30cm-3.DPT,1073.66891643483,6.89327925069876,6.80331908785323
50ppm-90-30cm-4.DPT,1074.6338246035,6.89434127716801,6.84470466786151
50ppm-90-30cm-5.DPT,1073.43560029155,6.73541242928778,6.71416550285798
50ppm-90-30cm-6.DPT,1071.69315027351,6.81289881081659,6.76129393459491
600ppm-90-30cm-0.DPT,1094.19090763685,9.01044939561531,8.6899118720936
600ppm-90-30cm-1.DPT,1096.96570345725,9.03159479668611,8.44299672440683
600ppm-90-30cm-2.DPT,1097.14007563091,9.01460102007139,8.5842481669918
600ppm-90-30cm-3.DPT,1094.13814996854,9.06963747054837,8.7014904921109
700ppm-90-30cm-0.DPT,1099.080144464,9.4684469703812,8.91502628651741
700ppm-90-30cm-1.DPT,1099.35210652695,9.32780311025859,8.91164472065394
700ppm-90-30cm-2.DPT,1096.62443567534,9.47036871244497,9.03194230177283
700ppm-90-30cm-3.DPT,1099.91933686422,9.9349117222471,9.27603033478238
700ppm-90-30cm-4.DPT,1095.22272209911,9.17430035730077,8.71406893081295
800ppm-90-30cm-0.DPT,1103.89514555563,9.83342655177798,9.28191608166871
800ppm-90-30cm-1.DPT,1099.33648833928,9.52647239246066,8.89612334124913
800ppm-90-30cm-2.DPT,1098.81048620605,9.63331189699903,9.04935310451365
800ppm-90-30cm-3.DPT,1096.989581244,9.7138808493377,9.11049265781964
800ppm-90-30cm-4.DPT,1102.95186411318,9.87162775294828,9.21035955498239
800ppm-90-30cm-5.DPT,1098.43818202194,9.20637835606954,8.74876727448002
900ppm-90-30cm-0.DPT,1103.5622342876,10.1818139282934,9.39151126961193
900ppm-90-30cm-1.DPT,1104.36992586981,10.0541891874011,9.21180816901151
900ppm-90-30cm-2.DPT,1104.72268127006,10.0397017158892,9.36967034960903
900ppm-90-30cm-3.DPT,1105.52128217376,10.0793273997233,9.40360861676275
900ppm-90-30cm-4.DPT,1101.47380528155,10.1014989039682,9.42638237014961
900ppm-90-30cm-5.DPT,1101.79421631536,9.7728301994897,9.07981529247203
0ppm-90-30cm-0-n.DPT,1049.71996910692,6.59516225374282,6.57794520723658
0ppm-90-30cm-1-n.DPT,1051.74501627887,6.59060397961922,6.58446777890423
0ppm-90-30cm-2-n.DPT,1049.58048472634,6.58328112791482,6.58288564962661
0ppm-90-30cm-3.DPT,1048.61339524535,6.52806638152063,6.52104306506768
0ppm-90-30cm-4.DPT,1048.51321489538,6.59100016141287,6.58347888056468